1
0
1
0
1
0
0
1
0
1
1
1
1
0
1
0
1
0
1
1
1
0
1
1
0
1
0
1
0
0
1
1
1
0
0
0
1
0
1
1
0
1
1
1
1
0
1
0
1
1
1
1
1
1
0
1
1
0
1
1
1
1
1
0
0
0
0
1
0
0
1
1
1
1
1
1
0
1
1
0
1
1
0
1
0
0
1
1
0
0
1
1
0
0
0
1
1
0
1
0
1
1
1
0
1
0
1
1
1
1
1
0
1
1
1
1
0
1
1
1
1
1
0
1
1
1
0
1
0
1
1
0
0
1
1
1
1
1
0
1
1
0
1
0
1
1
0
1
1
1
0
0
1
1
1
1
0
1
1
1
1
1
1
1
0
1
1
1
0
0
1
1
1
1
1
1
0
0
1
0
1
1
1
0
1
0
1 1315093485
0
1
1
1
0
1
1
1
1
0
0
0
1
1
0
0
1
1
1
1
0
1
0
1
1
1
1
0
0
1
1
0
1
1
1
1
1
1
1
1
1
0
0
1
1
0
0
1
0
1
1
1
1
1
1
1
1
1
0
1
0
1
1
1
1
1
1
1
0
0
1
1
1
0
1
1
1
1
0
1
1
1
1
1
1
0
1
0
1
1
1
1
0
1
1
1
1
1
1
1
0
1
1
0
0
1
0
1
0
1
0
1
1
1
1
0
0
1
0
0
1 1154964030
0
0
1
1
1
0
1
1 1154964030
1
1
1
1
1
1
1
1
1
1
1
1
0
1
1
1
1
0
0
0
1
0
0
1
0
1
0
0
0
0
1
1
1
0
1
1
1
1 563897953
1
1
1
1
1
1
0
0
1
1
1
0
1
1
0
1
0
1
1
1
0
1
1
1
1
1
1 1336616332
1
0
1
1
1
1
0
1
1
1
1
1
0
1
0
1
0
1
1
0
1 1735299781
0
1
1
1
0
1
0
1
1
0
1
1
0
1
1
1
1
1
1
0
1
1
1
1
1
1
0
1
1
0
0
1
1
0
1
1
1
1
0
1
1
1
1
0
1
0
1
1
0
1
1 1706341042
0
1
1
1
1 700380491
0
1
1
0
1
0
1
0
1
0
1
1
0
1
1
1
0
1
1
0
1
1
1
1
1
0
1
1
1
0
1
1
1
1
1
0
0
1
0
0
1
1
1
0
1
1
1
1
1
0
1
1
0
1
0
1
1
1
1
1
1
1
1
1
0
1
1
1
1 156146134
1
0
1
1
1
1
0
1
1
1
1
1
0
0
0
1
0
1 270781210
0
0
0
1 456622535
0
1
1
1
0
1
0
1
1
1
0
1
0
0
1
1
1
1
1
1
1
0
1
0
1
1
1
1
1
1
1
1
1
0
0
1
1
0
0
1
0
0
1
0
1
1
0
1
1
1
1
1
1
1
1
0
0
1
1
1
1
0
1
0
0
0
1
1
0
0
1
0
1
1
0
1
0
1
1
1
1
0
1
1
1
1
0
1 1633674610
1
1 201987833
0
0
1
1
0
0
0
1
1
1
0
1 1991763294
1
1
1
1
0
1
1
1
0
1
1
1
1
1
1
1
1
0
1
1
1
1
0
1
0
0
0
1
1
1 470590837
0
1
1
0
1
1
0
1
0
0
1
1 1807209125
1
0
1
1
0
1
0
1
0
1
1 470590837
0
0
0
1
1
1 2008988027
1
1
1
1
0
1 470590837
1
1
0
1
1 470590837
0
1
1 1807209125
0
0
1
1
1
0
0
0
1
1
0
1 764062903
1
1
0
1
1
1
1
1
0
0
1
1
1
1
1
1
1
1
1
1
0
0
1
1 1952274102
1
1
0
0
0
0
0
1
1
1
0
1
0
1
0
1
0
0
1
1
0
1
1
1
0
1
0
1
0
1
1
1
1
1
1
1
1 764062903
1
0
1
1 1952274102
1
1
1
1
0
1
0
1
1
0
1
0
1
1
0
1
1
0
0
1
1
0
0
1
1
1
1
1
1
0
1
1
1
0
0
0
1
1
1
0
1
1
0
1 1219570008
0
0
0
1
1
1
1
1
1
0
0
0
0
1
0
1
1
1
1
1
1
1 1991763294
1
0
1
0
0
1
1
1
1
1
1
1
1
1
0
1
1
0
1
1
0
1
1 1092558967
1
0
1
1
0
0
1
0
1
0
1
1
1
1
1
1
0
1
0
1
1
0
0
1
1
1
0
1
1
1
1
1
0
1
1
1
1
1
1 1219570008
1
0
1
1
1
1
1
0
0
0
0
0
1
0
1
1
1
0
0
1
1
1
1
1
0
1
0
1
1
1
1
1
0
1
1
1 1550422369
0
0
1
1
1 1550422369
1
1
1
1
1
1
1
1
0
0
1
1
0
1
1
1
1
1
1
1
0
1
0
1
0
1
1
0
1
1
1
1
1
1
1
1
0
1
1
1
0
1
1
1 400295109
0
1 2031431500
1
0
1
0
1
1
0
0
1
0
1
1
1
1
0
0
1
1
1
0
0
1
0
1
1
0
1
0
1
1
1
1
0
1
0
0
1
1
1
1
1
1
0
1
0
0
1
1
1
0
0
0
1
1
1
1
1
0
1
1 781343176
1
1
0
1
1
1
1
1 793162266
1
1
1
1
1
1
1
1
0
0
1
1
0
1
0
1
0
0
1
0
1
1
1
1
1
1
1
0
1
0
0
1
1
1
0
0
1
0
1
1
1
0
0
0
1
0
0
1
1
0
1
1
1
1
1
1
1
0
0
1
1
1
0
1
1
1
1
1
1
1 251716799
1
1
1
1
0
1
0
1
0
1
0
1
0
1
1
0
1
1
0
1
1
1
0
1
0
1
0
1
0
1
1
1
0
0
0
1
1
0
0
1
0
1
1
1
1
0
1
1
1
1
1
0
1
1
0
1
0
1
1
0
1
1
0
0
1
1
1 46592106
0
0
0
1
0
1
0
1
1
1
1
1
0
1
1
1
1
1
1
1
1
1
1
1
1
1
1
0
0
0
0
0
1
1
1
1
0
0
1
1
0
1
1
1
1
0
1
1
1
1
1
0
1
1
1
1
0
1
1
1
1
1
1
0
1
1
1
1 46592106
0
0
1
1
0
0
1
1
0
0
1
1
1
1
0
1
0
1
1
1
0
1
0
1 103329029
1
1
0
1
1
1
1
1
1
1
1
0
1
0
0
0
1
1
1
1
1
1
1
1
1
1
1
0
1
1
1
1
1
0
1
0
1
1
1
0
1
1 987898026
0
1
1
1
1
1
0
1
0
1
1
1
1
0
1
0
0
1
1
0
1
1
1
1
0
0
1
1
1
1
0
1
0
0
1
1
0
1 1425043209
1 1232773762
0
1
1
1 1901677874
0
0
1
1
1
0
0
0
1
1
1
1
1
1
1
1
1 1232773762
1
1
1
1
1
0
1
1
1
1
1
0
1
0
1
1
0
1
1
0
0
0
1
1 1448777561
1
1
1
1
1
1 1881767137
0
1
1
1
1
1
1
1
0
1 1881767137
0
1
1
0
1
1
1
1
1
1
1
1
1
1
0
1
1
1
1
1
0
1
1
1
0
0
1
0
0
1
1
1
1 971118999
1
0
1
1
1 2066946565
1
0
1
1
1
1
1
1
1
0
1
1
1 2066946565
1
1 2086589910
1
1
1
1
0
1
0
0
0
1
1
1
0
1
1
0
1
1
1
0
1
1
1
1
1
1
1
1
0
1
0
0
1
1
0
0
0
1
0
1
1
1
1
0
1
1
1
1
1 1924577689
1
1
1 1126845041
1
1
1
0
1
1
1
1
0
1
0
1
1
1
1
1
1
1
1 1126845041
1
0
1
1
1
0
1
1
0
1
0
0
1 1901677874
1
1
1
1
1
0
1
0
1
1
0
1
1
1
1
1
1
1
1
1
1
1
0
0
1
1
1
1
1
1
0
1
0
1
1
1
1
1
1
1
1
1
0
0
1
1
1
1
1
1
1
1
1
0
1
1
1
1
1
1
0
1
1
1
1
0
1
1
0
0
1
1
1
1 1971933792
1
1
0
0
1
0
1
1
0
1
1
1
1
1
1
1
1
1
1
1
1
1
1
1
1
0
1
1
0
1
0
0
1
1
1
1
0
1
0
1 2055318384
0
1
1
1
1
1
0
1
1
1
1
1
1
1
0
1
0
1
1
1
0
0
1
1 1971933792
1
1
1
0
1
1
1
1
0
1
1
1
1
1
1
1
1
1
1 284830820
1
1
1
1
1
0
1
1
0
1
0
1
1
1
1
1
1
1
1
0
1
1
1
1
1
1
1
0
1
1
0
1
1 509927711
0
1
0
1
1
1 560017573
1
1
1
1
1
1
1
1
1
0
0
1
0
0
1
1 509927711
1
1
1
1
0
1
1
1
1
0
1
1
0
0
1
1
1
1
1
0
0
1
0
1
1
1
1
1
1
0
1
1
1
1
1 2142241229
0
1
0
0
0
1
1
1
1
1
0
1
1
0
0
1
1
0
0
0
1
1
0
0
1
1
1
1
0
1
1
1
1
0
1
1
1
0
1
1
1
1
1
1
1
1
0
1
1
1
1
1
1 338357442
1
0
1
0
0
1
1 284830820
0
1
0
1
0
1
0
1
1
1
1
1
0
1
1
0
1
1
0
1
1
1
0
1 338357442
0
1
1
0
1
0
1
0
1
1
0
1
0
0
0
1
1
1
1
1
1
0
1
1
0
0
0
1
1
1
1
1
1
0
0
1
0
0
0
1
1
0
0
1
0
0
0
1
1
0
1
1
1 630712662
1
1
1
0
0
1
1
1
1
0
0
1
0
1
0
1
1
0
1
1
1
1
0
1
