0
1
1
1
1
1
1
1
1
0
1
0
1
1
0
1
1
1
1
1
1
0
0
1
0
1
1
1
1
0
1
1
1
1
1
1
1
1
0
1
1
1
0
1
1
1
0
0
0
1
1
1
1
0
1
1
0
1
1
1
1
1
1
1
1
1
0
1
1
1
1
0
1
1
1
1
1
1
1
1
0
0
1
0
1
0
0
1
0
1
1
0
1
1
0
1
1
1
1
0
1
1
1
1
1
1
1
1
1
1
1
0
0
1
1
0
1
1
1
1
1
1
0
1
1
1
0
1
1
1
1
1
1
1
1
1
1
0
1
1
1
1
1
1
0
0
1
1
0
0
1
1
1
1
1
1
0
1
1
1
0
1
0
1
1 1215302905
1
1
0
1
1
0
1
1
0
1
1
1
0
1
1
1
0
0
1
1
0
0
1
1
0
0
1
1
1
1 160400762
1
1
1
1
1
1
1
0
1
1
0
1 1016992287
0
0
1 160400762
1
1 1215302905
0
1
1
1
1
0
1
1
1
1
1
1
1
0
0
1
1
1
1
1
0
1
1 967416533
1
1
0
1
1
1
1
1
1
1
1
0
0
1
1
1
1
1
1
1
1
1
1
1
1
1
1
1
1
0
1 1973579905
0
1
1
0
1
1
1
1
1
0
1
1
1
1
1
1
0
0
0
1
1
1
1
0
1
1 1215302905
0
1
0
0
0
1
1
1
0
1
0
0
1 160400762
0
1
0
0
1
1
1
1
0
1
0
0
0
1
1
1
1
0
1
1
1
1
1
1
1
1
1
1
1
1
1
1
0
1
1
0
0
1
0
1
1
0
1
1
1
1
0
1
1
0
0
1
1
0
1
1
1 1723140129
0
1
0
1
1 1240558786
0
1
1
0
1
1 1067222336
1
1
1
1
0
0
1 1163417197
1 1067222336
1
1
0
1
0
1
1
1
1
0
1
0
1
0
0
0
1
1
1
1
1
0
1
1
0
1
0
0
1
0
0
1
1
0
0
0
1 1067222336
1
1
1
1
0
1
1
0
1
1
0
1
0
0
1
1
1
1
1
0
1
1
1
1
1
1
0
1
0
0
1 1780540868
1
1
1
0
1
1
1
1
1
0
1
1
1
1
0
1
0
1
1
1
1
1
0
1
1
1
0
1
1
0
0
1
0
1 656477466
1
0
1
1
1
0
1
1
1
1
1
1
1
0
1
1
1
1
1
0
0
0
1 1163417197
1
1
0
1
0
1
1
1
1
1
1
1
0
1
1
0
1
1
1
1
1
1
0
1
0
0
1
1
0
1
1 1060800731
1
1
1
1
0
1
1
1
1
1
1
0
1
1
1
0
0
1
1
0
0
1
1
1
0
1
1
1
1
1
0
1
1
0
0
0
1
1
0
1
1
0
1
1
1
1
1
1
0
0
1
1
0
1
1
1
1
1
1 2025104951
1
1
1
0
1
0
1
0
0
0
0
1 931478010
0
0
1
1
1
1
0
0
1
1
0
1
1
1
1
1
1
1
1
0
1
0
1
1
1
1
1
1
1
1
0
1
1
1
0
1
1
1
0
1
1
1
0
1
1
0
1
0
1
0
1
0
1
1
0
1
0
0
1
1
1
1
0
1
1
0
1
1
1
1
1
1
1
1
1
1
1
0
1
1
1
1
1
0
0
1
1
0
1
1
0
1
1
0
0
1
0
0
1
1
1
1
1
0
0
1
0
1
1
1
1
1
1
1
1
1
1
0
0
0
0
0
1
0
1
1
0
1
1
1
1
0
0
1
1
1
1
1
0
1
1 164193745
1
1
0
1
1
0
1
1
1
1
0
1
1
1
0
1
0
1
1
1
1
1
1
1
1
1
1
1
1
1
1
1
0
1
1
1
1
1
1
1
1
1
1
1
1
0
1
0
1
1
1
1
1
1
0
0
0
1
1
1
1
1
1 1586563116
0
1
1 1720820535
1
1
0
1
1
1
1 568086984
0
0
1
0
1
1
1
1 1483475282
1
1
1
1
0
0
1
1 1938726187
1
1
1
1
1 568086984
0
0
1 568086984
1 1720820535
1
0
0
1
0
0
1
1 1586563116
1
1
1
1
1
0
1
1
1
0
1
1
1
0
0
1
1
1
1
0
1
1
0
1 1962103983
1
1
0
1
0
0
1
1
1
1
0
0
1
0
0
1
1
0
1
1
0
1
1
1
1
0
1
1
1
1
1
1
1
0
1
1
1
1
1
1
1
1
1
1
1
1
1
1
0
1
1
1
1
1
1
1
1
1
1 568086984
1
1
1
1
0
0
1
1
1
0
1
1
1
1
1
1
1 669682582
0
0
1
0
1 476776539
1
1
1
1
1
0
1
1
1
1
1
1
1
0
1
1
1
1
1
1 61451054
0
0
0
1
1
1
1
1
1
1
1 1688483073
1
1
1
1
1
1 1688483073
1
0
1
1
1
1
0
0
1
1
1
1
1
0
0
1
0
0
1
1
0
1
1
1
0
0
1
1
1
0
1
1
1
1
1
1
1
1
0
1
1
0
1
1
0
1
1
1
1
0
1
0
1
1
0
1
1
0
0
1
0
0
1 1249393841
1
1
1
1
1
0
1
1
0
1
0
1
1
1
0
1
1 171298292
0
0
0
1
0
1
1
1
0
1
1
0
1
1
1
1
0
0
1
0
1 1274787269
1
0
0
1
1
0
0
1
1
0
1
1
1
1
1
1
1
1
1
0
1
1
1
1
1
1
0
1
1
1
1
1 1274787269
1
0
1
1
0
1
1
1
1
1
1
1
0
1
1
1
0
0
1
1
1
1
0
1
1
1
1
1
1
1
1
1
0
1
1
1
1
1
0
1
1
1
1
1
1
1 1442254046
0
1
0
0
0
0
1
0
1
1
1
1
1
1
0
1
1
1
1
1
1
1
1
1
1
1
1
1
1
1
1
1
1
1
1
1
1
1
1
1
0
1 153669587
1
1
0
0
1
0
1
0
1 1510420438
0
1
1
1
1
1
1
1
1
0
0
1
1
1
1 333265244
1
1
1
1
1
0
1
1
0
1
1 333265244
1 1510420438
0
1
1
1
1
0
1
1
1 72936978
1
0
1
1
1
0
1
1
1 333265244
0
1
1
1
1
0
1
1 1442254046
1
1
0
1
1
1
1 290912967
1 486446521
1
1
1
1
0
1
0
1
1
1
1
0
0
1
1
1
1
1
0
0
1
1
0
1
1
0
1
1
0
0
1
1
1
1
1
0
0
1
1
1
0
1 1442254046
0
1
1
0
1
1
1
1 1691699725
1
1
0
1
0
1
1 1691699725
1
0
1
1
1
0
0
0
1
1
1
1
1
0
1
1
1
0
1
1
1
0
1
1
1
1
0
0
1
1
1
1
1
0
0
1
1
1
1
1
1
1
1
1
1
1
1
1
1
1
1
1
1 899645403
1
1
1
1
1
0
0
1
1
1
1 1566931213
1
1
1
1
0
1
0
1
1
1
1
1
0
1
0
1
1
1
1
1
0
1
1
1
0
1
1
1
1
1
0
1
1
1 899645403
0
1
0
1
1
1
1
1
1 620874840
1
1
0
0
1
1
1
0
1
0
1
1
1
1
0
1 1292740877
0
1
1
1
1
1
0
1
0
0
1
1
1
1
1
0
0
0
1
1
1
1
1
1
1
1
0
1
1 209766106
1
0
0
0
1
1
1
0
1
1
1
1
1
0
0
1
1
0
1
1
1
1
1
1
1
1
1 1442254046
0
0
1
0
1
1
1 1203617813
1
1
1
0
1
0
1
1
0
1
1
1
1
1
1
0
1
1
1
1
1
1
0
1
1
1
1 247628454
1
0
1
1 247628454
0
1
1
1
1
1
1
1
1
1 899645403
0
1
0
1
1
1
1
0
1
0
1
1
1 247628454
1
0
1
1
0
1
0
1
1
1
1 650681922
0
1 1600812140
1 1318036941
1
1
0
1
1
1
1
1
1
0
0
1
1
0
1
1
1
1
1
1
1
1
1
0
1
0
1
0
1
0
1
0
1
1
1
1 941501115
1
1
1
0
0
1
0
1
1
1
1
1
1
1
0
1
1
1
1
1
1
1
1
1
1
1 2138173951
1
1
1
0
1
1
0
0
1
0
1
1
1
1
0
1
1
1
1
1
1
1
0
1
1
1
1
1
1
1
1
0
1
1
1
0
0
0
1
0
1
0
1
1 1704234879
1
0
0
1
1
1
0
1
0
1
1
0
1
1
1
1
0
1
1
1
1
0
1
0
0
1
1
1
0
1
0
1
1
1
1
1
1
1
0
1
1
1
1
1
0
0
1
1
1
0
1
1
1
0
1
1
0
1
1
1
0
1
1
0
1
1
1
0
1
0
0
1
1
1
1
0
0
1
1
1
1
0
0
0
1
0
1
1
1 247628454
1
1
1 649955224
1
1
1
1
0
1
1
1
1
0
1
1
1
1
1
1
0
1 1166992413
0
1
1
1
1
1
1
0
0
1
1
0
1
1
1
1
1
0
0
0
1
1
1
0
0
0
1 902992099
1
1 1166992413
1
1
0
1 701476591
1
1
1
1
1
1
1
1
1
0
1
1
1
1
1
1
1
1
1
1
1
0
0
0
1
0
1
1
1
1
1
1
1
1
1
0
0
1
1
1
0
0
0
1
0
1
0
1
1
1
1 524491937
1
1
0
0
1
1 524491937
1
1 2101257145
1
1
1
1
0
0
1
1
1
1
0
0
1
1
1
1
1 782688557
1
1
1
1
1
1
1
0
1
0
0
1
0
1
1
1
0
1
1
1
1
0
1
1
1
1 1754051175
1
1 1349806106
1
1
1
1
0
1
1
1
1
1 209766106
1
1
0
0
1
1
1
1
1
1 1328377651
1
1
1
1
0
1
1
1
1
1
0
0
0
1
1
0
1
1 215871150
1 524491937
1
1 1328377651
1
1
1
1
1 1616409038
1
0
