0
1
0
0
1
0
0
0
0
1
1
1
1
0
0
0
1
0
0
0
1
1
0
1
1
1
1
1
1
1
0
1
0
0
1
1
1
0
1
0
0
1
1
1
1
1
1
1
0
0
1
0
1
0
1
1
0
1
0
1
0
1
0
1
0
1
1
1
1
1
0
1
1
0
1
1
1
0
1
1
1
0
0
0
0
1
0
0
1
0
1
1
1
1
0
1
1
1
0
1
1
1
0
1
1
1
1
1
1
1
1
1
1
1
0
1
1
0
1
1
0
1
0
1
0
1
1
1
1
1
1
0
0
1
1
1
0
1
0
0
0
0
1
1
0
1
0
0
1
1
0
1
1
1 1085979447
0
1
0
0
1
0
0
1
0
1
1
0
1
1
1
1
1
0
0
1
1
1 1652277959
0
0
1
0
1
0
1
1
1
0
0
1 1085979447
1
1
1
0
1
0
0
1
1
0
1
1
1
1
1
0
0
1
1 1469294733
1
1
0
0
0
1
1
1
1 1469294733
1
1
1
1
0
1
0
1
1
0
1
1
0
1
0
0
1
0
1
1 432668625
1
0
0
1
1
0
1
1
1
0
1
0
1
1
0
1
1
1
1 1469294733
0
1
1
1
0
0
1
1
0
1
1
0
1
0
1
1
1
0
1
1
1
1
0
0
1
1
1
0
1
1
0
1
1
1
1
0
1
1
1
1
1
0
1
0
1
0
1
1
1
0
1
0
1
0
0
0
0
1
1
0
1
1
1
1
1
1
1
1
1
1
1
1
1
1
0
1
0
1
0
1
1
1
1
1
0
0
1
0
1
0
1
1
1
0
1
1
1
1
0
0
1
1
1
1
1
1
1
1
1
1
0
1
1
0
0
0
1
0
0
1
1
1
1
1
1
1
1
1
1
1
1
1
1
1
1
1
1
1
0
0
0
0
1
1
1 1103273239
1
1
1
0
0
1
0
0
0
0
1
1
1
1
1
1
1
1
0
1
0
0
1
1
1
0
1
0
0
1
1
1
1
0
0
1
1
1
1
1
1
1
1
1 1291749313
1
1
0
0
1
0
1 1854975980
0
1
1 947644921
0
0
0
1
1
1
0
1 1763403975
1
1
1
1
0
0
1
1
1
1
1
1
1
1
0
1
0
1
1
1
1
1
1
1
1
1
1
0
1
1
1
0
0
0
0
1
1
1
0
1
1
1
1
0
1 1185136151
1
1
1
1
1
1
0
1
1
1
1
1
0
0
1
1
1
1
1
1
1
0
1
1
1
1
1
1
1
0
0
0
0
1
0
1
0
1
1
1
0
1
1
0
0
0
0
1
1
1
0
1
0
0
0
1
1
1
1
1
1
1
1
1
1
1
0
1 1185136151
1
1
1
1 2128324102
1
1
0
1
1 1578931705
1
0
1
1
1
1
1
0
0
0
1
1
1
1
0
0
0
0
1
0
0
1
1
1
1
1
1
0
1
1
1
1
1
0
1
1
1
1 1999794303
1
1
1
1
1
1
1
1
1
1
1
1
1
1
1
1
1
1
1
1
1
1
1
1
1
1
1
0
1 1535253357
1
0
1
1
1
1
1
0
1
0
1
0
1
0
1
1
0
1
0
0
1
0
0
1
0
0
1
0
1
1
1
1
1
1
1
1
1
1
1
1
0
0
1
1
1
1
1
1
0
1
1
0
1
0
1
1
1
0
1 661196100
0
1
1
1
1
1
1
1 777481928
1 777481928
1
0
0
1
1
0
0
0
1
0
0
1
1
0
1
0
1
1
1
1
1 348650138
1
1
1
1 661196100
0
1
1
1
1
1 661196100
1
1
1
1
0
1
1
1
0
1
1
0
1
1
1
0
0
0
1
1
0
1
1 901439533
1
1
0
1
1
1
1
0
1
1
0
1
1
1
1
1
0
1
1
0
1
1
1
1
0
1
0
0
1
0
1 348650138
1
0
1
1 348650138
1
1
1
1
1
1
1
0
1
1
1
1
1
1
1
0
0
0
1
1
1
0
0
1
1
0
1
1
1
0
1
1
1
0
1
1
0
1
1
1
1
0
1
1
1
1
1
1
1
0
1
1
1
0
1
0
1
1
1
1
1
1 1610493237
1
1
1
1
1
1
1
1
0
1
1
1 1610493237
1
0
1
1
1
1
1
1
1
1
0
1
1
1
1
1
1
1
0
1
1
1
1
1
1
1
0
1
1
1
1
1
0
0
1
1
0
1
1
1
1
1
1
0
1
0
1
0
0
0
0
1
1
1
1
1
0
1
1
1
1
1
1
1
1
1
1
1
0
1
1
1
0
0
0
1
1
0
0
1
1
0
1
0
0
1
1
1 1573235913
1
1
1 979799513
1
0
1 1573235913
1
1
1
1
0
1
1
0
1
1
1
0
0
1
1
1
1
1
1
1
1
1
1
0
1
1
0
0
1
0
1
1
1
1
1
1
1
1
0
1
1
1
1
1
1
1
1
0
1
1
1
0
1
1
1
1
0
1
1
1
1
1
0
1
0
1
1
1
0
1
0
1
0
1
1
1
1
1
0
0
1
1
1
1
1
0
0
1
1
1
1
1
1
1
1
1
1
0
1
1
1
1
1
1
1
1
0
1
0
1
1
1
1
0
1
1
1
0
1
1 1648925093
1 1648925093
1
0
0
1
0
1
1
1
1
1
1
1
1
1
1
0
0
1
0
0
1
1
1
1
1
1
1
1
1
1
1
1
0
0
1
1
0
1 223625203
0
0
0
0
1 1346940267
1
1
0
1
1
1
1
1
1
1
1 1573235913
1
1
1
1
1 224116640
1 1564863925
1
1
1
1
0
1
0
0
1
1
1
0
1
1
1
0
1
1
1
1
1
1
0
0
1
1
1
1
0
0
1
0
1
1
1
1
1
0
1
0
1
0
1
1
1 306086284
1
1
0
1
1
0
1
0
0
1 1508536920
0
1
1
0
1
1
1
1
1
1
1
1
1
1
1
1
1
1
0
1
1
1
1
1
1
1
0
1
1
0
1
1
1
0
1
0
1
1
1
1
1
1
1
0
1
1
1
1
1
1
1
1
1
1
1
1
1
0
1
1
0
0
0
1
1
1
1
1
1
1
1
1
1 985380516
0
1
1
1
1
1
1
1
0
1
1
1
1
1
1 1889898685
0
0
1
1
0
0
0
1
1
1
0
1
1
1
1
1
1
1
0
1
1
1
1
1
1
1
1 985380516
1
1
1
0
1
1
0
0
1
0
1
1
1
1
0
1
1
0
1
0
1
1
0
0
1 985380516
0
1
0
1
1
1
1
0
0
1
1
1
0
1 306086284
1
1
1
0
0
1
1
1
1 224116640
1
0
1
0
1
0
1
1
0
1
1
1
1
1
0
1 1917798956
0
0
1
1
1
0
0
0
1
1
1 2126948788
1
0
1
1
1
0
1
1
0
1
1
1
1
1
1
1
1 609831969
1
1
1
1
1
1
1
1
1 306086284
1
1
1
1
1
1
1
1
1
1
1
0
0
1
1
1
1
0
0
0
1
1
1
0
0
1
1
1
1
1
0
1
1
0
1
1
1
1
1
0
1
1
1 1115762372
1
1
1
1
0
1
1
1
1
1
1
1
0
1
1
1
0
1 1115762372
0
0
0
1
1
0
1
1 1706041539
1
1
1
0
1
0
1
1
1
1
1
0
1
1
1
1
1
1
1
1
1
1
1 609831969
1 255733882
1
1
1 1689673076
1
1 1115762372
1
1 54187297
0
1
1
1
1
1
1
1
0
0
1 1689673076
1
1
1 1115762372
1 609831969
1
1
1
1
1
0
0
1
1
1
1
1 1603770967
1
1
1
1
0
1
1
1
1
1
1
0
1
1
1 601012876
1
0
1
1
0
1
1
1
1
0
1
1
1
1
0
1
1
1 1115762372
0
1 494093036
1
0
1
0
0
0
1
1
1
0
1
1
1
1
1
1
0
1
1
1
1
1 634980883
1
0
1
1
1
1
0
0
0
1 494093036
1
1
1
0
1
1
1
1
1
1
1
1
1
1
0
1
0
1
0
1
0
0
1
1
1
0
1
1
1
1
1
1
1
1
1
1
0
1 494093036
1
1
0
1
0
0
0
1
1
0
1
1
1 645999291
1
1
1
1
1
1
1
1
1
1
1
1
0
1
1
1
0
1
1
1
1
0
1 645999291
0
1
1
1
1
1
1
1
1
1 784847219
1
1
1
1
0
1
1
1
1
1
1
1
0
1
1
1
1
1
1
1
1
1
1
1
1 863526429
0
1
1
1
1
1
1
0
0
1
1
1
1
1
0
0
0
1
1 494093036
0
1
0
1
1
1
1
1
0
1
1
0
0
1
1
1
1
0
1
1
1
1
1
1
1
1
1
1
0
1
1
1
1
0
1
1
1
1
1
1
1
1
1
1
1
1 536215980
1
1
1
1
1
1
1
1
1
1
0
1
1
1
1
1
1
0
1
1
1
1 1782424144
0
1
1
0
1
1
1
1
1
1
1
0
1
0
1
1
1
1
1
1
0
1
1
0
1
1
1
1
1
1
1
1
1
1
1
0
1
1
0
1
1
1
0
1
1
0
1
1 453267242
1
1
1
0
1
1
1
1
1
1
1
1
0
1
1
1
0
0
1
1 683516164
0
1
1 274841229
1
1
1
0
1
1
0
1
1
1
1
0
0
1
0
0
1
0
0
1 274841229
1
0
1
0
0
1
0
1 952352849
1 1461371011
1
1
1
0
1
1
1
1
1
1
1
1
1 536215980
0
1 152685353
0
1
0
1
1
1
1
1
0
1 1476831736
1
1
1
0
1
0
1
1
1
0
1
1
1
0
1
1
1
1
0
0
1
1
1
1
1
0
1
1
0
1
1
1
1
1 1809447227
0
0
0
1 167405559
0
1
1
0
1
0
0
1
1
1 1809447227
1 719501083
1
1
1
0
1
1
1
1
