0
0
1
1
0
1
1
0
0
1
0
1
1
1
0
0
1
1
1
0
0
1
0
1
1
1
1
1
1
1
1
1
1
1
1
1
1
1
0
1
1
0
0
1
1
0
0
1
0
0
0
1
0
1
1
1
1
1
1
1
0
1
1
0
1
1
1
1
0
0
1
1
1
1
1
1
0
1
0
1
1
1
1
1
0
1
1
1
1
1
1
0
1
1
1
0
1
1
0
0
1
0
1
1
0
1
0
1
1
0
1
1
1
1
1
1
1
0
1
0
1
0
1
0
0
0
1
0
1
1
1
1
1
1
1
1
0
1
1
1
1
0
1
1 187514738
1
1
0
1
1
1
1
1
1
1
0
1
1
1
1
1
0
1 1661530723
1
0
1
1
1
0
1
1
1
1
1
0
1 1661530723
1
1
0
1
1 187514738
1
1
0
1
1
1
1 1360831795
1
1
1
1
1
1
1 598576902
1
1
1
0
1
0
1
0
0
0
0
1
1
1
1
0
1
1
0
0
0
0
0
1
1
1
1
1
1
1
1
1
1
1
1
1
1
1
0
1
1
1
1
1
1 1360831795
1
1
1
1
1
1
1
1
0
0
1
1
1
0
1
1
0
1
1
1
1
0
0
0
1
0
0
1
0
1
1
1
1
1
1
1
1
0
0
0
1
1
0
1
1
0
1
1
1
1
1
1 165208204
0
1
0
1 175340057
1
1
0
0
1
1
1
1
1
1 175340057
1
0
1
1
1
0
1 165208204
0
1
0
1
0
1
0
1
1
1
0
1
1
1
0
1
1
1
1
1
0
1
1
1
1
0
1
1
1
1
1
1
1
0
1
1
1
0
1
1
1
1
1
1
1
1
1
1
0
1
0
1
1
0
1
0
1
1
1
1
1 165208204
1
0
1
0
1
0
1
1
1 165208204
1
0
1
1
0
0
1
1
1
1
1
1
1
0
0
1
1
1
1
0
0
1
1
1
0
1
0
0
0
1
1
1
1
0
1
1
1
0
1
1
0
1 422913211
1
1
0
1
0
1
1
1 1549873795
1
1
1
1
1
1
0
1
1
1
1
0
0
1
1
0
0
0
1
1
1
1
0
1 165208204
1 878657497
0
1
1
0
1
0
0
0
1
1
1
1
1
1 165208204
1
1
1
1
1
0
1
1
1
1
1
0
0
1
1
1
1
0
1
1
1
1
1
1
1
1
1
0
1
1
1
1
1
1
1
1
1
1
1
1
1
1
1
0
1
1
1
1
1
0
1
1
1
0
1
1
1
0
1
0
0
1
1 229664302
1
1
1
1
1
1
1
1
1 1103062148
1
1
0
1
1
1
1
0
1
1
1
0
1
0
1
0
1
1
1
1 1103062148
0
1
1 219833566
0
1
1
1
0
0
0
1
1
1
1
1
1
0
1
1
0
1
0
0
1
0
0
1
1
0
1 1014449070
1
0
1
1
1
1
1
1
1
1
1
1
0
0
1
1 21988688
0
1
1
0
0
1
0
1
0
1
1
1
1
0
1 97754486
1
0
1
1
0
1
1
0
1
0
0
1
1
1
1
1
0
1
1
1
1
0
1
1
0
0
0
0
1
1
1
0
1
1
0
1
0
1
1
0
1
1
1
0
1
1
1
1
1
0
1
1
0
1
0
1
1
1
1
1
1
1
0
1
1
1
1
1
1
1
1
1
1
1
1
1
1
1
0
1
1
1
1
1
1
1
1
0
1
1
1
0
1
1
1
1
0
1
1
1
1
1
1
1 8454393
0
0
1
1
1
1
1 2096289197
0
0
1
1
0
1
1
0
1
1
0
1
1
1
1
0
1
0
1
1
1 1445136121
0
1
1
1
1
1 1445136121
1
0
1
1
1
1
1
1
1
1
1
1
1
1
1
1
1
1
1 1817874595
1
0
1
1
1
0
1
1
0
1
1
1
1 1579812914
1
1
1
1
1
1
0
1
1
1
1
1
1
1
1
0
1
0
1
0
1
1
1
1
1
0
1
0
1
1
0
1
0
1
1
1 8776414
1
1
1
0
0
0
1
1
1
1
1
1
1
1
0
1
1
0
1
1
1
0
1
1
1
1
0
1
1
0
0
0
0
1
1 2000782271
0
1 2000782271
1
1
0
0
1
0
1
1
1
1
0
0
0
1 600125439
0
1 179993517
1
1
0
1
1
0
1
0
1
1 179993517
1
1
1 2000782271
1
1
1
1
1
0
0
1
1
1
1
1
1
1
1 600125439
1
0
0
1
1
1
0
1
0
1
0
1
0
1
0
1
0
1
0
1
0
1
1
1
1
1
1
0
1
1
0
1
1
1
1
1
0
1
1
0
1
1
0
1
1
0
0
1
1
0
1
1
0
1
0
1
0
1
0
1
0
1
1
1
1
1
1
1
1
1
1
1
1
1
1
1
0
0
1
0
1
1
0
0
1 552763899
1
1
1
1
0
1
0
1
1
1
0
1 1018076261
0
1
1
0
1
1
1
1
1
1
0
0
1
1
0
1
1
1
0
1
1
1
0
0
1
1
1
1
1
1
1
1
0
0
1
1
1
1
0
1
0
1
0
1
1
1
1
0
1
0
1
0
1
0
1
1
1
1
0
1 1892433850
1
0
1
1
1
1
1
1
0
1
1
0
1
1
0
0
0
0
1
1
1
1
0
1
1
0
1 547266089
1
1
0
1
0
1
1
1
0
1
1
1
1
1
0
1
1
0
1
1 824627630
1
0
1
0
1
1
1
1
1
1
1
0
1
0
1
1
1
0
1
1
1
0
1
1
1
0
1
1
0
0
1
1
0
0
1
1
0
0
1
1
1
1
0
0
0
1
1
1
0
0
1
1
1
0
0
0
1
1 1074093879
1
0
1
1
1
0
1
1
1
0
0
1
1
1
1
1
1
1
1
1
1
0
1
0
1
1
1
0
0
1
1
1
1
1
1
1
1
0
1 2010142222
1
1 824627630
1
0
0
1
1
1
1 824627630
1
1
1
1
1
0
1
1
1
1
0
0
1
0
1
0
1
1
1
1 1683651589
1
1
1
1
0
1
0
1
0
1
1
1 2022408134
1 2010142222
0
1
1
1
1
1
1
1
1
1 975780942
1
1
0
1
1
1
1
1
1
1
0
1
1
1
1
1
0
1
1
1
1
0
0
1
1 264013284
1
0
0
1
1
1
0
1
0
1
1
0
0
1
1
1
1
1
1
1 2022408134
1
0
1
1
1
1
1
1
1
1
1
1
1
1
0
1
0
1
1
0
1
1
0
1
1
1
0
1
1
0
1
0
0
1
0
1
1
1
1
1
0
1
1
1
1
1
1
0
1
1
1 140828531
1
1 1014097557
1
0
1
0
1
1
1
1
1
1
1
1
1
0
1
1
0
1
1
0
1
1
1
1
1
1
1
0
1
1
1
1
1
1
1
0
1
1 1287673447
1
1
1
1 1014097557
1
1
0
1
1
1
1
1
0
1
1
0
1
1
1
1
1
0
1
1
1
1
1
1
1
1
1
1
1
1
1
1
1
1
1
1
0
1
1
1
1
1
1
1
1
1
1
0
1 604522663
0
1
0
1
0
1
0
1
0
0
0
1
1
1
1
1
1
0
1
0
0
0
1
1
1
1
1
0
1
0
1
1
1
1
1
1
1
0
1
1
1
1
1
1
1
1
1 604522663
1
1
1
1
1
1
1
1
0
1
0
0
0
0
1
1
0
1
1
0
1
1
0
1
0
0
1
1
1
1
1
1
1
1
1
1 484501771
1
0
1
1
1
0
1
1
0
1 595600406
0
1
0
1
0
0
0
1
1
0
1
0
1
0
1
1
0
0
0
1
1 586333502
0
1
1
1
0
0
1
0
1
1
1
1
1
1
1
0
1
1 2079259344
0
1
1
1 2102316902
1 484501771
1
1
1 1926554068
1
1
0
1
0
1
0
1
0
0
1
1
1
1
1
1
0
0
1
1
0
0
0
1 909162991
1
1
1
1
1
1
0
0
1
1
1
1
1
0
0
1
0
0
0
1
0
1
1
1
1 604522663
1
0
0
1
1
1
1
1
0
1
1
1
1
0
1
0
0
0
1
0
1
1
1
0
1
1
0
1
0
1
1
1
1
1
1
0
1
0
1
1
0
1
1
0
1
0
0
1
1
0
1
1
1
1
0
1
1
1
0
0
1
0
1
1
1
1
1
1
0
0
1
1
0
1
1
1
1
0
1
0
1
1
1
0
1
1
1
1
1
1
1
0
0
0
0
1 1718637594
0
1
1
1
1
1
0
1
0
1
1
1
1
1
1
1
1
1
0
1
1
1
1
1
1 2122551959
1
1
1
1
0
0
0
1
0
1
1
1
1
1
1
0
1
1
0
0
1
0
0
1
1
1
0
1
1 9850104
1
1
1
0
1
1
1
1
1
1
1
1
1
1
1
0
0
1
1
1
1
1
1
0
1
1
1
1
1
1
0
1
1
1
1
1 2021891701
1
1
1
0
1
1
0
0
1
1
0
1
1
1
1 625315306
1
1 9850104
1
1
0
0
1
1
1
0
1
1
1
0
1
1
1
1
0
1
0
1
1
1
1
1
1
1
1
1
1
1
1
1
0
1
1
0
1
1
1
1
1
1
1
1 1875451435
0
1 753444514
1
1
1
0
1
1
1
1
1 9850104
0
1
0
1 753444514
1 1690645480
1
1 753444514
1
0
1
0
0
1
1
0
1
0
0
1
1
0
0
1
1
0
1
0
1
1
1
0
1
0
1 1693289674
1
1
0
1
0
1
1 753444514
1
1
1
1
0
0
0
1
1
0
1
1
0
1
1
1
1
1
1
1
1
1
1
1
1
1
1
1
1
0
1
0
1
0
1
1 45934471
1
1
1
0
1
1
1 780680673
1 652094514
1
0
1 1693289674
1
1
0
1
1
1
1
1
1
1
0
1
