1
1
1
0
1
1
1
1
0
1
1
1
0
1
1
1
0
1
1
0
1
1
1
1
1
1
0
0
0
0
1
1
0
1
1
1
1
1
0
1
1
1
1
0
0
1
1
1
1
1
1
1
1
1
1
1
0
1
1
0
1
1
0
1
0
1
1
1
1
1
1
1
0
1
0
1
1
0
1
0
1
0
1
1
1
1
1
1
0
1 1393942893
0
1
1
1
1
0
1
1
1
0
1
1
1
0
0
0
1
0
0
1
1 1393942893
1
1
1
1
1
1
1
1
0
1
1
0
1
0
1
1
1
1
1
1 1485980022
1
1
1
1
1
0
1
1 1393942893
0
0
1
1
1
1
0
1
0
0
1 2042664588
1
1
1
0
1
1
1
0
0
1
1
0
0
1
1
0
1
1
1 1225674227
1
1
1
1
0
1
1
1
0
1
0
0
0
1
1
0
1
1
1
1
1
0
1
1
1
1
1
0
1
1
1
1
1
1
1
1
1
1
1
0
1
0
1
0
0
1
1
0
0
1
0
1
0
0
1
1
0
1
0
1
0
1
1
1
0
1
1
0
1
1 421050715
1
1
0
1
1
1
1 1854974887
1
1
1
1
1 2042664588
0
1 1393942893
1
1 2042664588
0
1
1
1
1
1 1854974887
1
1
1
1
1
1
1
0
1
0
0
1 1393942893
1
0
1
1
1
1
0
1
1
1
0
1
1
0
0
1 421050715
0
0
1
1
1
1
1
1
1
1
1
1
1
1
0
1
0
0
1
1
1
1
1
1
0
0
0
1
1
1
0
0
1
0
1
1
1
0
1
1
1
1 1343508673
1
1
1
1
1
0
1
1
1
1
1
0
1
1
1
1
1
0
0
1
1 57283798
1
0
1
0
1 57283798
1
1
1 228802496
1
1
1
1
1
1
1
1
1
0
1
1
1
0
0
0
0
1
1
1
1
1
1
1
1
1
1
1
1
1
1
1 57283798
1
0
0
0
1
0
0
1 57283798
0
1
1
1
1
1
0
1
1
0
1
0
1
0
0
1
1 706172497
1
0
0
1
1
1
0
1
0
1
0
1
0
0
1
1
0
1
1
1
1
0
1
1
0
0
0
1
0
0
1
0
1
1
1 706172497
1
0
1
1
1
0
1
1
1 706172497
1
1
0
1
1
0
0
0
1
1
1
1
1
1
0
1
1
1
0
1
1
0
1
1
1
0
0
1
1
0
1
0
1
1
1
1
1
0
1
0
0
1
1
1
0
0
1
1
1
1
1
1
1
0
1
1
0
0
1
1
1
1
0
1 1343508673
0
1
0
1
0
0
1
1
0
1
1
1
1
0
0
0
1
1
1
1
1
1
0
1 57283798
1
1
1
1 1265245660
1
1
1
1 1265245660
1
1
1
1
0
0
1
0
1
1
1
0
1
1
1
1
1 706172497
1
1
1 706172497
1
1
1
1
0
1
1
1
1
0
1
1
0
1
1
0
0
1
1
1
1
1
1
0
1
1
1
0
1
1
1
0
1
1 1646388402
0
1
0
1
1
0
0
1
1
0
0
1
1
0
0
0
1 974166380
1
1
1
0
0
1
0
1
1
1
1
1
1
1
1
0
1
1
0
1
1
1
1
1
0
1
0
1
1
0
1
1
1
0
0
1
1
0
1
1
0
1
1
0
1
0
1
1
0
1
0
1
1
0
0
1
1
1
1
0
1
1
1
0
1
1
1
1
1
0
1
0
1
1
1 974166380
1
1
1
0
1
1
0
0
1
1
0
1
1
1
1
0
0
1
0
0
1
1
1 1701135111
1
1
1
0
1
1
0
0
1
0
0
0
1
0
1
1
1
1
1
0
0
1
0
1 955416789
1
1
0
1
1
1
1
1
1
0
1
0
0
1
1
0
1
1
1
1
1
0
1
1
1
1
1
1
0
1
1
1
0
1
1
1
0
1
1
0
0
1
1
0
1
1
1
1
1
0
1
1
1
1
1
1
1
1
1
0
1
1
1
1
1
1
1
1
0
1
1
0
0
1
0
1
1
1
1
0
1
0
1
1
1
1
1
1
0
0
0
1
1
0
0
0
1
1
1
1
1
1
1
1
1
1
0
1
1
1
1
1
1
1
1 1458271448
1
1
1
1
0
1
1
1
0
1
0
0
1
1
1
1
1
1
0
1
1
1
1
0
1
0
1
0
1
1
1
1
1
1
1
1
1
1
1
1
0
1
1
1
0
0
0
0
1
1
1
1
1
1
1
1
1
0
0
1 1701135111
0
1
1
1
1
1
1
1
0
1
1
1
1
1
1
1
1
1
0
1
0
1
0
0
1
0
0
1
1
1
1 1625314843
1
1
1
1
0
1
0
0
1
1
0
1
1
0
0
0
1
0
1
1
1
1
0
1
1
1
1
0
1
1
1
0
0
1
1
1
1
1
1
1
1
1
1
0
1
0
1
1
1
0
1
1
1
1
1
1
1
1 1701135111
0
0
1
1
1
1
1
1
1
1
1
1 837638992
1
1
0
1
1
0
1
1
1
1
0
1
1
0
1
1
1
0
1
0
0
1
0
1
1 1626214164
1
1
1
1
0
1
0
1
1
1
1
1
1
1
1
1
0
1
1
1
0
1
1
1
0
1
1
1
1
1
1
0
1
1
1 1626214164
1
0
0
0
1
0
1
1
1
0
0
1
1
1
1
1
0
1
1
1
1
0
0
1
1
1
1
1
0
1
1
1
1
1
1
1
0
1
1
1
1
1
1
0
1
1
1
1
1
1
0
0
1
1
1
1
1
0
0
1
1
1
0
0
0
1
1
1
0
1
1
1
1
1
1
0
0
0
1
1
1
1
1
1
1
1
1
1
0
1
1
1
1
1
1
1
0
1
1
1
1 1515283558
0
1
1
1
0
1
1
1
0
1 1628820895
0
1
1
1
0
0
1
1
1
1
1
1
1
1
1
1
1
1 1245440608
0
0
0
1
1
0
0
0
1
1
0
1
0
1
0
1
1
1
1
1
1
0
1
1
1
1
0
1
0
1
1
1
1
0
0
1
0
1
1
1
1
0
1
1
1
1
0
1
1
1
1
0
1
1
1 1941923582
0
1
0
1
0
1
1
1
1
1
1
1
1
1
1
1
1 1883497354
1
1
1
0
0
1
1
1
1
1
1
0
0
1
1
0
1
0
0
1
1
0
0
1
1
1
1
1
1
1
1
1
1
0
0
1
1
1
0
1
1
1
1
1
1
1
1
1
0
1
1
1
0
1
1
1
1 1108201052
1
1
1
1
1
1
1
1 1108201052
1
1
1
0
0
1
0
1
0
1
1
1
1
1
0
1
1
1
1
1
1
0
1
1
0
0
1
1
1
1
1
0
1
1
1
0
1
0
1
1
1
1
0
0
0
1
1
1
1
1
1
0
1
0
0
0
1
1
0
1
1
0
1
1 940153226
1
1 1982392829
1
0
1
1
1
1
1
1
1
1
1
1
1
0
1
0
1
1
1
1
1
1
1
1
1
1
0
0
0
0
0
1
0
1
1
1
1
1
1
0
1
1
1 1982392829
1
1
1 122193759
0
1
1
1 437813167
1
1
1
1
1
0
1
1
1
0
1
1
1
1
1
0
1
1
1
1
1
1
1
1
1
1 2014795805
1 227478231
1 624740172
1
0
0
1
1
1
1
1
1
0
1
1
0
0
0
1
0
1
1
1
1
1 484276343
1
1
1
0
0
1
1
0
0
1
1
0
1
1 1099664608
0
1
1
1
0
1
0
0
1
1
1
1
1 1108201052
1
0
1
1 1099664608
1
1
1
1
1
1
1 1552204681
1 437813167
1
1
1
1
1
1
1
0
1
0
1 122193759
0
1
0
0
1
1
1 425671067
1
0
1
0
1
0
1
1
1
1
1
0
1
1
0
1
1
1
0
1
0
1
1
1
1
0
1
1 2088996063
1
0
0
1
0
1
0
1
1
1
1
1
1
1
1
1
0
1
0
1
0
0
1
1
1
1
1
0
1
1
1
1
0
1
1
1
1
1
1
1
1
1
1
1
1
0
1
0
1
0
1
0
0
1
0
1
1
0
1
0
1
1
1 1141168557
1
0
1 1141168557
0
1
0
0
0
1
1
0
1
1 1511266229
1
1
0
0
0
1
1 1511266229
1
1
0
1
1 1603104582
1
1
1
1
0
1
1
1
1
1
1
0
1
1
0
0
1 1579111660
1
0
1
1
1
0
1
1
0
1
0
1
1
0
1
1
1
1
1
1
1
0
0
1
1
1
1
0
0
1
1
1
1
1
1 1603104582
1
1
1
0
0
1
1
1 1146073900
0
1
0
1 606874931
1
0
1
1
1 1411513156
1
1
1
0
1
1
1
1
1
1
1
1
1
1
1
1
1
0
1
1
1
1
1
1
1
1
1
0
1
1
1
1
1
1
1
1
1
1
1
1
1
1
1
0
0
1
1
1
1
1
1 1938360401
1
0
1
1
1
1
0
1
1
1
1
1
1
1
1
1
1
1
1 408487045
1
1
1
1
1
1
1
1
1
0
1
1
1
1
0
1
1
1
1
0
1
1
1
1
1
1
1
1
0
0
0
1
0
1
1
1
1 476834678
1
1
1 20065486
1
0
1 20065486
0
1
1
1
0
1
0
1
1
1
1
1
1
1
1
1
1
0
0
1
1
1
1
1
1
1
1
1
1
1 1072504383
1
1
0
1
1 476834678
1
1
1
1
1
1
1
1
0
0
1
1
1
1
1
1
1
1
1
1
1
1
1
1
1
1 1836359949
1
1
1
0
1
1
0
1
0
1
1
0
0
1
1
1
1
1
1
0
1
1
0
1
0
1
0
1
1
1
1
0
0
1
1
1
1
1
1
1
1
1
1
0
1
1
0
1
1
1
1
1 20065486
1
0
1
1
1
1
1
1
1
1
1
0
1
0
