0
1
1
0
1
1
1
0
1
1
1
1
0
1
1
1
1
1
1
0
1
1
1
1
0
1
0
1
0
1
1
1
1
1
0
1
1
1
0
1
1
0
1
1
1
0
1
1
0
0
1
1
0
1
0
1
1
1
0
1
0
1
1
1
1
1
1
1
1
1
1
0
1
0
0
1
1
1
1
1
1
1
1
0
1
0
0
1
0
1
0
1
1
1
0
0
0
1
1
1
1
1
1
1
1
0
1
1
1
1
1
1
0
1
1
1
1
0
0
0
0
1
1
1
0
1
0
0
1
1
1
1
1
0
1
0
1
1
1
1
1
1
1
1
0
0
0
0
0
1
1
0
1
0
0
0
0
0
0
0
1
1
1
1
0
0
1
1 225178758
1
1
0
0
1
1
1
1
0
1
0
1
1
0
1
1
0
1
0
1
1
0
1
0
1
0
0
1
0
0
1
0
0
1
1
1
1
1
0
1
1
1
1
1
0
0
0
0
1
1
0
1
0
1
1
0
1
1
1
1
1
1
1
0
0
1
0
1
0
1
1
0
1
0
1
1
1
1
1
1 225178758
1
0
0
1
1 33249066
1
1
0
1
1
1
1
0
0
1
1
1
1
1
1
1
1
1
1
1
1 225178758
1
1
1
1
1
0
0
0
0
1
1
1
1
1
1
1
1
1
0
0
1
1
1
0
1
1
0
0
1
1
0
1
1
1
1
0
1
1
1
1
1
1
1 1507517855
1
1
1
0
1
0
0
1
1
1
0
1 339404715
1
0
1 339404715
1
1
1
1
1
1
1
1
1
0
1
1
1
1
0
1
1
0
1
1
1
0
1
0
1
0
1
1
1
1
1 360689584
1
1
0
1
1
0
1
1
0
0
1
0
0
1
1
1
0
0
1
0
1
1
1
0
1
1
1
0
1
0
1
0
1
1
1
1
1
1
1
1
1
0
1
1
1
1
1
1
1
1
1
1
1
1
1
1
0
1
1
1
1
1
0
1
1
1
1
1
0
1
1
1
1
1
1
0
1
1
0
0
1
0
1
0
1
0
1
1
1
1
1 1704515333
0
1
1
1
1
0
1
1
1
1
1
1
0
0
1
0
1
1
1
0
1
1
1
1
0
1
1
0
1 2068199352
1
1
1 823186971
1
1
0
1
1 2068199352
0
1
0
1
1
1
1
0
1
0
0
1
1
1
1
1
1
1
1
1
1
1
1
1
1
1
0
0
1
1 594702076
0
0
1
1
1
1
0
1
0
1
1
1
1
1
1
1
1
0
1
1 135657166
0
0
1
1
0
1
0
0
1
0
1
1 1089470091
1 742827585
1
0
1
1
1
1
1
1
1
1
0
1 742827585
1
1
1
0
1
0
1 436627399
1
1
1
1
1
1
1
1
0
1
1
1
0
1 360689584
1
1
1 906228571
1
1 1798019930
1
1
1
1
1
1
1
1
1
1
1
1 360689584
1
1
1
0
0
1
1
1
1
0
0
1
1
1
1
1
0
0
1
1
0
1
0
1
1
0
1
1
1
0
1
1
1
1
0
0
1
1
0
1
1
1
1
1
0
1
0
1
1
1 912156219
0
1
1
0
0
1
0
1
1
0
1
1
1 1119105993
1
1
1
1
1
0
0
1 1972434793
1
1
1
1
1
0
0
1
0
0
1
1
1
1
0
1
0
1 1119105993
1
1
1
0
1
1
0
0
1
1
0
1 912156219
0
1
1
1 1972434793
1 750508355
1
0
0
1
1
1
1
0
0
1 906228571
1
1
1
1 912156219
0
0
1
1
1 266269589
1
1
1
1
0
1 1841162380
1
0
1
1 1972434793
1
1
0
1
1
1
1
1
1
1
0
1
0
0
0
1
0
0
0
1
1
1
1
1
1
0
1
0
1
1
1
0
1
1
0
1 1972434793
1
1 2049317361
0
0
1
1
1
1
0
1
1
1
1
0
0
1
1
1
1
1
1
0
1
0
1
0
0
1
1
1
1
1
1
1
0
1
1
1
1
1
1
1
0
1
0
1
1
1
0
0
1
1
1
0
1 912156219
1
1
1
1
1
1
0
1
1
1
1
0
1
1
1
1
1
1
0
1
0
1
1
1 998598843
1
1
1
1
1
0
0
1
1
0
0
1
0
1
1
1
1
1
0
1
1
1
1
1
0
1
1
1
1
0
0
0
1
1
0
0
1
1
1
0
1 1359426772
1
1
1
1
1
1
1
1
1
0
1
1
1
1
1
1
0
1
1
0
1
1
0
1
1
1
0
1
1
0
0
1
1
0
1
0
1
0
1
0
1
0
1
0
1
1
0
1
1
1
1
1 1559723884
1
0
1
0
1
0
1
0
1
1
1
1
0
1
1
1 998598843
1
1
1
1
1
0
1
1
0
0
1
1
1
1
1
0
1
1
0
1
1
0
1
1
0
1
0
1
1
0
0
1
1
0
0
1
1
1
1
0
0
1
1
0
0
1
0
1
1
0
1
1
0
1 870039901
1
1
1
1
1
1
1
0
1
1 691936429
1 645690084
0
0
1
1
1
1
1
1
1 291662321
1
0
0
1
1
1
1
0
1
1
0
1
1
1
0
0
1
0
0
1
1
0
0
1
1
1
1
0
0
0
1
1
1
1
0
1
1
1
1
0
1
1
1
1
0
1
0
1
1
1
1
1
0
1
0
1
0
0
0
0
0
1
1
1
1
1
1
1
0
1
1
0
1
1
1
0
1
1
0
1 1088601967
1
0
1 1798333306
0
0
0
1 1538851658
1
0
0
0
0
1
1
1
1
1
1
1 1798333306
0
0
1
0
0
1
1
1
1
1
0
1
1
1
1
1
1
1
1
1
0
0
1
1
1
0
0
1
1
0
1
1
0
1
1
1
1
1
1
1
1
1
0
0
0
1
0
1
1
1
1 2038314713
1
0
1
1
0
1
1
0
0
0
1
1
0
1
1
0
1
1
0
1
0
1
1
1
1
1
0
0
0
1
0
1
0
0
1 785136337
0
1
1
0
0
1
1
0
1
1
0
1
1
1
1
0
0
1
1
1
0
1
1
1
1
1
1
1
1
1
1
1
1 811178402
1
0
1
0
0
1
0
0
1
1
1
0
0
0
1
0
1
1
1
0
1
1
1
1
0
1
1
1
1
1
0
1
1
0
1
1
1
1
1
1
0
1
1
1
0
1
1
1
1
1
1
0
1
1
1
1
1
0
1
1
1
1
1
1
1
1
1
1
0
1
1 1233001245
1
1
1
1
0
0
1
1
1
1
0
1 1233001245
1
1
1
1
1
1
0
1
1
0
0
1
0
0
1
1
0
0
0
1
1
1
1
1
0
1
1
1
0
1
1
1 1918555012
1
0
1
0
1
1
1 1233001245
1
1
1
0
1
0
1
1
1
1 845021490
1
1
0
1
1
1
1 845021490
1
1
1
0
1
1
0
1
1
0
0
1
1
0
0
1
1
1
0
1 573272358
0
0
1
1
1
1
1 1123911372
1
1
0
0
0
0
0
1 1211550124
1
1
1
1
1
1
1
1
1
0
1
0
1
1
1
0
1
0
1 2055107734
0
1
0
0
1
1
1
1
1
1
1 1233001245
0
1
0
0
1
1
1
1
1
1
1 1901918573
1
1
1
1
1
1
1
0
1
1
1
0
0
0
1
0
1
1
0
1
1
0
1
1
1
1
1
1
1
1
0
1
1
1
1
0
1
1 445445605
0
0
1
0
0
1
1
1
1
0
1 1547208132
1
1
1
1
0
0
1
0
0
0
1
1
0
1
1
1
1
1
0
1
0
0
1
0
0
1
0
0
1
1
1
1
1
1
1
1
1
0
1
1
0
0
0
1
1
1
0
0
1
1
1
1
0
1
1
1
1
0
1
1
1
1
1
1
1
1
1
1
0
0
1
0
1
0
1
1
1
0
0
1
1
1
1
1
1
0
0
1
1
1
1
0
1
0
1 1542495666
0
1
1
1
1
0
1
1
1
1
1
0
1
1
1
1
1
1
1
1
1
1
1
1
0
1
1
1
1
1
1
1
1
1
1
1
0
0
1
1
1
0
1
0
1
1
1
0
1
1
1
1
1
1
1
1
0
1
1
1
0
0
1
1
1
1
1
1
1
1
1
0
1
1
1
0
0
1
0
0
1
0
0
1
0
1
1
0
0
1
0
1
1
1
0
1
1
1
1
1
1
1
1
1
1
1
0
1
0
0
1 1889983978
0
1
1
0
0
1 957708441
1
1
1
0
0
1
1
1
1
1
1
1
1
1 1404428169
1
1
0
0
0
1
1
0
1
1
1
1
1
1
1
0
0
1
0
1
1
0
1
1
1
1
1
1
1
0
1
1
1
1
0
1
1
1
1
0
1
1
0
0
1
1
0
1
1
1
1
1
1
0
0
0
1
1
0
1
1
1
0
1 882183371
1
1
1
0
1 66913205
1
1
1
1
1
1
1
0
1
0
1
0
1
1
1
0
1
1
1
1
1
1 826736018
1
1
1 811178402
1
1
0
1
1
1
1
1
1
1
1
0
1
1
1
1
1
0
1 1404428169
1
1
1
1
1
1 363010672
1
1
0
1
0
1
0
1
1
1
1
0
1
1
1
1
1
0
1
0
1
1
1
0
1
1
1
1
0
1
0
1
1
0
1
1
1
1
1
1
0
1
1 1679278190
0
1
1
1 705754415
1
0
0
1
1
1
1
0
0
1
1
1
1 1441442777
1
1
1
1
1
0
1
1
1
1
1
1
1
1
1 705754415
1
0
1
1
1
0
1
0
0
1
1
1
0
0
1
1
1
1
1
0
0
1
1
1
1
1
0
1
1
1
1
1
1
1
1
1
1
1
0
1
1
1
1
0
0
1 1849179189
1
1
1
0
1
1
1
1
1
1
0
1
1
1
1
