1
1
0
0
1
0
0
0
1
0
1
0
1
1
1
0
1
0
1
1
1
1
0
0
1
0
0
1
1
0
0
0
1
1
1
1
1
0
0
1
1
1
1
1
0
1
1
1
0
1
1
1
1
1
1
1
1
1
0
1 606744008
1
1
1
1
1
1
1
1 367237659
1
1
1
1
0
0
1
1
0
1
0
1
1
1
1
0
1
0
1
1
1
0
1
1
0
1
1
1
1 1375802557
0
1
1
1
1
0
0
1
0
1
0
1
1
1
0
0
1
1
1 203373141
1
1
0
1
0
1
1
1
1
0
1 521209631
1
1
0
1
1
1
0
1
1
0
1
0
1
0
0
1
0
1
1
1
1
1
1
1
1
1
1
0
1
1
0
1
1
1
1
0
1
1
1
1
1
0
1
1
0
0
0
1
1
1
1
1
1
1
1
1
1
0
0
1
1
1
1
0
1
1
0
0
0
1
1
1
1
1
1
1
0
0
0
1
0
1
1
1
0
1
1
1
1
0
0
1
1
1
1
1
0
1
1
0
1
0
0
1
1
1
1
1
1
1
1
0
1
0
1
0
1
0
1
0
1
1
1
1
0
1
1
1
1
1
0
1
1
0
0
1
1
1
0
0
1
1
1
0
1
0
1
0
1
0
1
1
0
0
1
1
1
1 1228496989
1
1
0
1
1
0
1
1
1
1
0
1
1
0
1
1
1
1
1
1
1
1
1
0
1
1
0
1
0
0
0
0
1
1
1
1
0
1
0
1
1
0
1
1
1
1
1
0
1
1
1
1
1
0
0
1
0
1
0
0
1
1
1
1
1
1
1
1 474176434
0
1
1 474176434
1
0
0
1
1
1
1
1
1
1
0
0
1 147844107
1
0
1
1 968939532
1
0
0
1
0
0
0
1 147844107
0
0
1
1
1
1
1
0
0
1
1
1
1
1
1
1
0
1
0
0
0
1
0
1
1
1
1
1
1
0
1
1 1868258699
1
1
1
1 47027473
0
1
1
1
1
0
1
0
1
1
1
1
1
1
0
1
1
0
1
1
1
1
1
1 1275247341
1
1
0
0
1
1
1 1868258699
1 439229408
0
1
1
1
1 1284978881
1
1
1
0
1
1
1
0
1 1532316866
0
1
1 47027473
1
0
0
1
0
1
1
0
1 1532316866
0
0
0
1
1
0
0
1 439229408
1
1
0
0
0
1
1
1
0
1
1
1
1
1
1
1
0
1
1
1
1
1 47027473
0
0
1 439229408
0
0
1
0
1
1
1
1
0
0
1
1
0
1
1
1
1
1
1
1
0
1
1
1
1
1
0
1
1
0
0
1
1
1
1
1
1
0
1
1
1
1
1
1
1
1
0
1 1523223866
0
1
1
1
0
1
1
1 733748556
1
0
1
0
1
1
1
1 439229408
1
1
1
1
1
1
1
1
1
1
1
1
0
1 1532316866
1
0
1
1 1532316866
1
1
0
1
1
0
1
1
1
1
1
1
0
1
1
0
0
1
1
1
1
1
1
1
0
1
0
1
1
1
1
1
1
1
1
1
1
1
1
0
0
1
1
1
1
1
1
0
0
0
1
1
0
1
1
0
1
1
0
1
0
0
1
0
1
0
0
0
1
1
0
0
1
1
1
1
0
1
0
0
1
1
0
1
1
1 75141539
1
1
1
0
1
1
0
1
1
1
1
1
1
1
1
0
1
1
0
1
1
1
0
0
1
0
1
1
1
1
1
1
1
1
1
1
0
1
1
1
0
1
1
1
0
1
0
1
1
1
1
1
1
1
0
0
1
0
1 1034903230
0
1
0
0
1
1
1
1
1
1
1
1
1
1
1
0
1
1
0
1
1
0
0
1
1
1
1
1
1
0
1
1
1
1
1
1
1
0
1
1
1
1
1
0
0
1
1
0
1
1
1
1
0
0
1
1
1
1
1
0
0
1
1
1
1
1
1
1
1
1
1
1
0
1
0
1
1
1
1
1
0
1
1
0
1
1
1
0
1
1
1
0
1
1
1
1
0
0
1
1
0
0
0
1
1
0
0
1
1
1
1
1
0
1
1
0
0
1
1
0
1
1
1
1
1
1
1
1
0
1
0
0
0
1
0
1
1
1
1
0
1
1 1329580290
1
0
1
1
1
1
1
1 1632880158
1
0
1
1
0
1
1
1
1
0
1
1
1
0
1
1
1
1
1
1
1
0
1
1
1
1
1
0
0
1
1
1
1
1
1
1
1 1329580290
1
0
1
1
1
0
1
1
1
1
0
0
1
1
1
1
1
0
0
0
0
0
0
1
0
1
1
1
0
1
1
1
0
0
1
1
1
0
1
1
0
1
1
1
1
0
1
1
0
0
0
1
1
1
0
0
0
0
0
0
1
0
1
1 1765348573
0
1
1
1
1
1
1
1
0
0
1
1
0
1
1
1
1
0
1
0
1
0
0
1
1
1
0
0
1
1
1
1
1 743489494
0
1
1
1
0
1
1
1
0
0
0
0
1
0
0
1
1 1410964199
0
1
1
0
1
1
1
1
1
1
1
0
0
0
1
1
1
0
0
1
1
1
0
1
1
1
1
1
1
0
0
1 253847177
0
0
1
1
1
1
1
1
1
1
1 1704524606
0
1
1
1
1
1
0
1
1
1
1
1
1
1
1
1
1
1
1
1
1
1
1
1
1
1
1
1
1
1
1
0
0
0
1
0
0
1
1
0
1
0
1
1
1
1
1
1
0
1
1
0
1
1
0
1 1087770337
1
0
1
1
1
1
0
1
1
1
1
0
1 668688440
1
1
0
1
1
1
0
1
1
0
1
1
1
0
1
1
1 668688440
1
1
0
1
1
1
0
0
0
1
1
1
1
1
1
0
1 1956606047
1
1
1
0
0
1
1
0
0
1
1
0
1 604893873
0
1
1
1
1
1
0
1
1
0
1 910909558
1
1
1
1
1
1
1
1
1
0
0
1
1
1
1
1
0
1
1
0
1
0
0
1
1
1
1
1
0
0
1
1
1
1
0
1
1
1
1
0
1
1
1
1
1
1
1
0
1
1
1
1
0
1
0
1
1
1
0
1
1
0
1
1 910909558
0
0
1
0
1
0
1
1
0
0
1
1
0
1
0
1
0
0
0
0
1
1
0
1
1
1
1
1
1 668688440
0
1
1
1
1
1
0
1
1
1
0
1
1
1
0
1
0
0
1
0
1
0
1
0
1 722809922
0
1
1
1
1
1
1
0
1
1
1 1865380907
0
1
1
1
1
1
1
1
1
0
1
1
1
0
1
0
1 1587194767
1
1
0
0
0
1
1
1
1
0
1
1
1
0
1
1 1181633830
1
1
1
1
1 1181633830
1
0
0
1
1
0
1
1
1
0
0
1
1
1
1
1 1994487964
1
1
0
1
0
1
1
1
1
1
1
1 473325151
0
1 473325151
1
1
1
1
0
0
1
0
1
1
1
1
1
0
0
0
0
1
1 243211045
1
1
1
1
1
0
1
1
1
1
0
1
1
1
1
0
1
1
0
1
0
0
1
1
1
1
0
1
1
1
1
1
1
0
1
1
1
0
1 1893968177
1
1
1
1
0
1
0
1
1
1
1
0
1
0
1
1
0
0
1
0
1
1
0
1
1
1
1
0
1
0
1
1
1
1
1
1
1
1
1
0
1
0
1
1 1893968177
1
0
1
1
1
1
1
1
1
1
1
1
1
1
1
0
1 1376344127
1
0
1
1
0
1
1
0
1
0
1
0
1
1
1
1 2005276832
1
0
1
1
1
1
1
1
1
0
0
0
1
0
1
0
1
1
0
0
1
1 1298044845
0
1
1
1
1
1
1
1
0
1
1
1 202545267
1
1
1
1
0
1
0
1
0
1
0
1
0
1
1
0
1
1
1
1
1
1
1
1
1 1866061484
1
1
0
1
1
1 1585335927
1
1
1
0
1
1
1
1
0
0
1
1
0
1
1 2123015849
0
1
0
1
1
1
1
1
1
0
1
0
0
1
1
0
1
1
0
0
0
1
0
1
0
1
1
1
0
0
1
1
1
1
1
1
0
1
1
0
1 2088410120
1
1
0
1
1
0
1
1
1
1
0
0
1
1
1
1
0
1
0
0
1
1
1
1
1
1 1635601188
0
1
1
1
1
1
1
0
0
1
1
1
1
1
1
1
1
1
1
1
0
1
1
1
1
1
1
1
1
1
0
1
1
1
1
1
0
0
1
1
1
1 150447223
1
1
1
1
1
1
0
1
1
1
1
1
1
1
1 1728638957
1
1
1
0
0
1
1
1
1
1
1
1
1
1
1
1
0
1
0
1
1
1 1589996932
1
1 1728638957
0
1 1710866488
1
1
1
1
1
1
1
1
0
1
1
0
1
1
1
1
1
1 1589996932
0
1 1710866488
1
1
1
0
1
1
0
0
1
0
1
1
1
0
0
1
1
0
1
0
0
0
0
1
1
1
1
1
0
1
1
0
1
1
1
1
1
0
1
1 1501667039
1
1
0
0
0
1
0
0
1
0
1
1
1
1
1
1
1
1
1
1
0
1
1
1
1
0
0
1
0
1
0
1
1
1
0
0
1
0
0
0
0
1
0
1
1
1
0
1 440337079
0
1
1
1
0
1
1
0
1 1702487197
0
1
1
1
0
1
0
1
1
1
1
1
1 1501667039
1
1
1 1501667039
1
1
0
1
1 729700469
1
0
1
1
1
1
1
1
0
0
1
1
1
1
1
0
1
1
1
1
1
0
0
0
1
1
1
1
0
1
1
1
0
1
1
1
1
1
1
1
1
1
1
1
1
1
1
0
1 1590899286
1
0
1
1
1
1 445073972
1
1
1
1
1
0
1
1
1
1
1
1
1 743990667
0
0
1
1
0
1
1
0
1 1501667039
1 15177268
1
0
1
1 1501667039
1
1
1
1
1
1
0
1
1 1892862522
1
1
1 745014131
