1
1
1
0
1
0
0
0
0
0
0
1
0
1
1
0
1
0
1
0
0
1
1
0
1
1
1
1
0
1
1
1
0
1
0
1
1
1
0
1
1
1
1
0
1
1
0
1
0
1
0
0
1
1
1
0
1
0
0
1
0
0
0
0
1
1
1
0
0
0
0
0
1
1
1
1
0
0
1
0
1
0
1
1
0
1
0
0
0
1
1
0
1
0
1
0
1
1
0
1 328127746
1
1
0
1
0
1
1
0
1
1
0
1
1
1
1
1
1
0
1
1
0
1
1
1
1
1
1
0
0
1
1
0
1
1
0
1
1
1
0
0
1
1
1
0
1
1
1
0
1
1
1
1
1
1
1
1
1
1
1
1
0
0
1
0
1
0
1
1
0
0
1 1431527161
1
1
1
0
1
1
1
1
1
1
1
1
1
1
1
1
0
0
0
1
1
1
1
1
1
0
1
1
1
1
1
1
1
0
0
1
1
1
0
1
1
0
1
0
1
1
0
1
1
1
1
0
1
0
1
1
0
0
1
0
1
0
1
1
1
1
0
0
0
1
1 567012235
1
0
1
1
1
0
1
1
0
0
1
1
1
1
0
1
0
1
0
0
1
1
1
1
0
0
1
0
0
1
1
0
1
0
1
0
1
1
1
1
1
1
1
1
1
0
0
0
0
1
1
1
1
1
1
0
1
1
1
1
1
1
0
1
1
1
0
0
0
0
1
0
0
0
1
1
1
1
0
1
0
1
1
0
0
1
1
0
1
1
1
1
1
0
1
1
1
0
1
0
1
1
1
1
0
1
1
0
1
1
0
1
0
1
1
1
1
1
0
0
1
1
1
1
1 1219973023
1
1
0
1
1
1
0
1
1
1
1
1
0
1
1
1
1
0
1
1
1
0
1
1
1
1
1
0
0
1
1
1
1
1 895398451
1 895398451
1
1
0
1
1
1
0
1
0
1
1
1
1
1
1
1
0
1
1
0
0
0
1
0
1
1
1
1
1
0
1
0
1
1
1
1
1
1
1
1
0
1
0
0
1
1
1
1
1
1
1 997848656
1
1
1
1
1
1
1
0
1
0
1
0
1
0
0
1
1
0
1
1
0
1
0
1
1
0
1
1
1
1
0
1 397790078
1
1
1
0
1
0
1
1 397790078
1
1
1
0
1
1
1
1 997848656
1
1
1
1
1
1
0
0
1
1
0
1
0
1
1
0
0
1
0
1
1
1
1
1
1
0
0
0
0
1
0
1
1
1
1
1
0
0
0
1
0
1
1
1
1
0
1 397790078
0
0
1
1
1
1
1
0
1
0
1
1
1
1
0
1
1
1
0
0
1
0
0
1
1
1
1
1
1
0
0
1
1
1
0
0
1
1
0
0
0
1
1
1
1
1
0
1
1
1
1
1
0
1
0
1
1
0
1
0
1 945833395
1
1
0
1
1
0
1
1
1
1 606041827
1
1
0
1
1
1
1
1
1
0
1
0
0
0
1
1
1
1
1
0
1
1
1
0
0
1
1
0
0
0
1
1
1
1
1
0
1
1
1
1
1
1
1
1
1
1
1
0
0
0
0
1
1
1
0
0
1
1
1
1
1
1
1
1
0
0
1
0
1
1
0
1
0
1
1 128486159
0
1
1
1
0
1
1
0
1
1 128486159
0
1
0
1
1
1
1
1
1
0
0
1
1
1
0
1
1
0
1
1
1
1
1
0
1
0
0
1
0
1
1
1
1
0
1
0
1
1
1
1
1
1
0
0
1
0
0
1
1
0
1
0
1
1
0
1
1
1
1
1
1
1
1
1
1
1
1
0
0
1
1
1
1
1
1
1 813317140
0
1
1
1
1
0
1
1
1
1
1
0
1 1061911971
0
0
1 292060431
0
1 1061911971
1
1
0
1
1
1
1
1
0
0
1
1
1
1
1
1
0
1
1
1
1
1
1
1
1
0
1
1 961510570
1
1
1
1
1
1
1 544909610
1 961510570
1
1
1
1
1
1
1
0
1
0
1
1
0
1
1
1
1 544909610
0
1
0
1
1
1
1
1
1
1
0
1
1
1
1
1
0
1
0
0
1
1
1
1
0
0
1
1
0
1
1
1
0
0
1
0
1
1
1
1
0
1
1
0
1
1
1
0
1
1
1
1
1
1
1
1
1
0
1
1
0
1
1 1061911971
1
1
1
1
1
1
1
1
1
1
1
0
0
1
0
0
0
0
1
1
0
1
0
1
1
1
1
1
1
1
1
1
1
0
1
1
1
1
1
1
0
1
0
1
1
1
0
1
1
1
0
1
1
1
0
1 1561353727
0
1
1
0
1
0
1
1
1
1
1
1
1
0
0
1 506780961
0
1
0
0
1 275252685
1
0
1
1
0
1
1 1561353727
1
0
1
0
1
1
1
1
0
0
1
1
1
0
1
0
1
1
1
1
1
1
1
1
1
1
1 1061911971
0
1
0
1
0
1
1
1
0
1
0
1
0
1
1
0
1
1
1
1
1
1
1 75000848
1
1
0
1
1
1
0
1
1
1
1 1561353727
0
1
0
1
1
1
1
1
1
1
1
0
0
0
1 140790476
0
1
1 1611177391
1
1
0
1
1
1
1
0
0
1 292722022
1
1
1
0
0
1
0
1
1
1 275252685
1
0
1
1
1 1356666734
1
1
1
0
1
1 1510097959
0
0
1
1
0
1
1
1
1
1
0
0
1
1
1 114771777
1 75000848
1
1
1
1
1
1
1
1
1
1
0
1
1
1
0
0
1
0
1
1
1
0
1
1
1
1
1
1
0
1
1
1
0
0
1
1
1
1
1
1 953607071
1
0
1
1
1
1
1
1
1
0
1
1
0
1
1
0
0
0
1
1
0
1
0
0
1
1
0
1
1
1
1
1
1
1
0
1
1
1
1
1
1
0
1
0
1
1
1
0
1
0
1
1
1
1
1
1
1
1
1
1
1
1
1
1
1
1
0
0
1
1
0
0
1
1
1
1
0
1
1
1
1
0
1
1
0
1
1
1
1
1
1
1
1
1
1
1
1
1
1
1
1
1
1 855290897
1
1
0
0
1
1
0
1 1823383377
1
0
0
0
1
1
0
1
0
1
0
1
1
1
1
0
1
0
0
0
0
1
0
1
1
1
1
1
1
1
0
1
0
1
0
1
1
0
1
1
0
1
1
1
0
1
1
1
0
0
1
1
1
1 421191989
1
1
1
1
1
0
1
1
1
1
1
1
1
1
1
1
1
1
0
0
1
1
1
1
0
1
1
1
1
1
0
1
1
1
1 421191989
1
1
0
1
1
0
1
1
1 63133057
1
1
1
1
1
1 1335071323
1
1
1
1
1
0
1
1
1
0
1
1
1
0
1
0
1 421191989
1
1
1
1
0
1
1
1
0
1
0
1
1
1
1
1
1 1133379718
1
0
1
1
0
0
0
1
1
1
1
0
1
1
1
1
1
1
1
0
0
0
1
1 953607071
1
0
1
1
1
1
1
1
1
1
1
1
1
1
1
1 421191989
0
1
1
1 1829590235
1
1
1
1
1
1
1
1 421191989
1
1
1
1
1
1
1
1
1
1
0
1
1
1 1105910365
1
1
1
1
1
0
1
1
1
1
0
1
0
1
1
0
1
1
1
1
0
1
1 1892119866
1
1
1
0
0
1
1
1
1
1
1
1
0
0
1
0
0
1
1
1
0
1
1
1
1
0
1
1
0
1
1
1
0
1
1
1
1
1
0
0
1
1
1
1
0
1
1
1 1892119866
0
1
1
1
0
1
1
1
0
0
1 1387049095
0
1
1
1
1
1
1
1
1 423658345
1
1
0
1
1
0
1
1
1
1
0
1
1
0
1
1
0
0
1
1
0
1
1
1
1
0
1
1
1
0
1
1
1
1
1
1
1 1892119866
0
1
1
1
0
1
1 1892119866
1
1
0
1
1
1
1
0
1
0
1
1
1
1
0
1
1 1295616357
1
1
1
1
1
0
1
1
0
1
1
1 2055512524
1
1
1
1
1
1
1
1
0
1
0
1
1 423658345
1
0
1
0
1
1
1
0
0
1
1
1
1
1
0
1 685878716
1
1
1
1
1
0
0
1
1 685878716
1
1
0
1
1
1
1
1
1
1
0
0
1
0
1
1
1
1
0
1
1
1
0
0
0
1
1
1
1
1
1 1700364243
1
0
1
0
1
0
1
0
1
0
1
1
1
1
1 685878716
1
1 2055512524
1
1
1
1
0
1
1
1
1
1
1
0
0
0
1
1
1
0
1 1910540385
1
0
1
1
0
1
1
1
0
1
1
0
1
1
1
1 291748469
0
1
1
0
1
1 291748469
1
1
0
1
1
1
0
1
0
1
1
0
1
0
0
1
1
1
1
1
1
1 1563428024
1
1
1 1563428024
0
0
1
1
0
1
1
1
1
1
0
1 2032619396
1
0
0
0
1
1
1
1
0
0
0
0
1
1
1
1
1
1
1
0
1
0
0
1
1
1
0
1
1
0
1
1
1
1
1
1
1
1
1
1
1
0
0
0
1
1
1
1
0
1
0
1
1
0
0
0
1
1 345695659
1
1
1
1
0
0
1
1
1
0
1
1
1
1
1
1
1
1
1
0
0
0
1
1
1
1
1 345695659
1
1
1
0
1
1 1588861470
1
0
1
1
1
1
1
1
1
0
1
1
1
1
1
1 1859636720
1
1
1
1
0
1
1
1
0
1
1
1
1 563741678
1
1
1
1
1
1
0
0
0
0
1
0
1
0
0
0
1
1
1
1
0
1
1
0
1
1
1
1
1
1
1
1
1
1
0
1
1 1199867854
1
1
1
1
1 1139705315
1
0
1
1
1
1
1
1
0
1
1
1
1
1
1
0
1
0
1
0
0
1
1
0
1
0
1
1
1
1
1
