1
0
1
1
1
1
0
1
1
0
1
1
0
1
0
1
0
0
1
1
1
1
0
1
1
0
1
1
1
1
1
1
1
1
1
0
1
1
0
1
1
1
1
1
1
0
0
0
1
1
0
1
1
1
1
0
1
1
1
1
0
1
1
1
1
1
0
1
1
1
1
0
0
1
0
0
1
1
0
1
0
1
0
1
1
1
1
1
1
0
1
1
0
0
1
1
1
0
1
1
1
0
0
1
0
0
1
1
1
1
1
1
1
1
0
1
1
1
0
1
1
1
1
0
1
0
0
1
1
1
1
1
1
1
1
1
1
1
0
1
1
1
1
1
1
1
1
1
1
1
1
1
1
1
0
1
1
0
0
1
1
1
1
1
1
1
1
1
0
1
1
1
1
1
0
1
1
0
1
0
1
0
1
1
0
0
0
1 1977008017
1
1
0
1
1
1
1
1
0
1
1
0
1
1
1
1
1
1
0
1
1
1
1
0
0
0
1
1
0
1
0
1
1
1
1
1
1
0
1
1
0
0
1
1
1
0
1
0
1
0
0
1
1
1
0
1
0
1
0
1
1
0
0
1
1
0
1
0
1
1
1
1 1971659346
1
1
0
1
0
1
1
0
0
1
1
1
1
0
1
1
0
0
1
1
0
1
1
1
0
1
1
1
0
1
1
1
1
1
1
0
0
1
0
1
0
1
0
0
0
0
1
1
0
0
1
1 658428218
1
1
0
1 304229641
0
1
0
0
1
1
1
0
0
0
0
1
0
1
1 1195493632
1
1
0
1
0
0
1
0
1
0
1
1
1
0
1
0
1
1
1
1
1
1
0
1 1756626347
0
1
1
1
1
1
1
1
0
1
0
1
1
1
1
1
1
1
1
1
1
0
1
0
0
1
1
1
0
1
0
1
1
1
1
1
0
0
0
0
0
0
1
1
1
0
1
0
0
0
0
1
1
0
0
1
1
1
0
0
1
1
0
0
1
1
1
1
0
0
1
1
1
1
1
1
1
0
1
1 658428218
1
1
1
1
1
1
1
1
1
1
0
0
1
1
1
1
0
1 1679151921
1
1
1
0
1
0
0
1
0
1
1
1
1
1
1
1
0
1
0
0
1
1 688167022
1
0
1
1
1
1
1
1
1
1
1
0
1
1
0
1
1
1
1 1679151921
1
0
1
1
1
1
0
1
1
1
1
1
1
1
1
1
0
1
0
0
1
1
1
1
1
0
0
1
1
1 510517567
1
1
0
1
0
1
1
0
0
1
1
1
1
1
1
0
1
1
1
0
1
1
1
1
1 949561446
1
1
0
1
1
1
0
1 1679151921
0
0
0
0
1
1
0
1
1
1
1
1
1
1
1
1
1
1
1
0
1
0
1
1
1
1
0
1
0
1
1
0
1
1
1
1
1
1
0
1
1
1
1
1
1
1
1
0
0
1
0
1
0
0
1
1
1
1
1
1 1568922542
0
1
1
0
1
1
1
1
1
1
1
0
1
1
1
0
0
1
1
1
1
0
1
1
0
1
1
1
1
1 1290123885
1
0
0
0
1
1 1970348001
0
1
1
1 59475323
1
1
1
1
1
1
1
1
1
1
1
1
1
1
1
1
0
1
0
1
0
1
1
1
0
1
1
1
1
1
1
1
1
0
1
1 147062707
1
1
1
1
0
1
0
1
1
0
1
0
1
1
1
1
1
0
1
1
1
0
0
0
1
0
1
1
1
0
0
0
1
1
1
0
1
1
0
1
1
1
0
1
1
1
1
1
1
1
1
1
1
1
1
0
0
1
1
0
1
0
1
1
0
1
0
1
0
1
1
0
0
1
1
0
1
1
0
1
1
0
1
0
1
1
1
1 596731653
1
1
1
1
0
1
0
1
0
1
1
0
1
1
1
1 147062707
1
1
1
1
1
0
1
1
1
0
1
0
0
1
1
1
1
1
1
1
1
1
1
1
1
1
1
1
1
0
0
1
1
1
1
1
0
1
1
1
1 935679933
1
1
1
0
0
0
1
0
1
1
0
1
1
0
1
1
1 281529878
0
1
1
1
0
1
1
0
1
1
1
1
1
1
0
1
0
1
0
1
1
1 1978430118
0
0
1
0
0
1
1
1
1
1
1
1
0
0
1
1
1
1
1
1
0
1
0
1
1
1
1
1
1
1
0
1
1
0
0
0
1
1
1
1
1
0
1
1
1
1
1
1
0
0
1
1
1
1
1 1118936826
1 1118936826
1
0
0
0
1
1
1
1
1
0
1
0
1
1
0
1
0
1
0
1
1
0
0
1 1094077542
1
1
0
0
1
1
1
1
1
0
1
1
1
1
0
1
1
1
1
0
1
1
1
1 1307829297
1
1
1 1075858108
1
1
0
1
0
1
1
1 1307829297
1
0
1
1
0
1 174423201
1
1
1
1
0
1
1
1
1
0
1
1
1
1
1
1
0
1
1
0
1
0
1
1
0
0
1
0
1
0
1
0
1 920303108
0
1
0
0
1
1 174423201
1
1
1
1
0
1
0
0
1
1
1
0
1
1
1
1 1075858108
1
0
1
0
0
0
1
1
1
1
0
1
1
1
1
1
1
1 1075858108
1
1
1
0
1
1
1
0
0
1
0
1
0
0
1
0
1
1 1075858108
1
1
1
1
1
1
0
1
1
1
1
1
0
1
0
1
1
1
1
1
1
1
0
1
1
1
1
0
1
0
1
0
1
1
1
1
1
1
1
0
0
1
1
0
1
1
1
0
0
0
1
1 870772330
1
1 174423201
1
1
0
0
1
1
0
1
0
1
1
1
1
0
1
1
1
1
1
1
1
1
1
1
1
1
1
1
1
1
1
0
1
0
1
0
1
1
0
1 69317918
1
0
1
1
0
1
0
1
1
1
1
1
0
1
1
1
1
1
1
0
1
1
1
0
0
1
0
1
1
0
1
1
0
1
0
1
1
0
1 1657771825
1
1
1
1
0
1
1
1
1
1
0
1
1
1
1
1
1
1
1
0
0
1
0
1
1
1
1
0
0
0
0
0
1
1
1
1
0
1
1
0
1
0
0
1
0
1
1
1
0
1
1
1
1
1
1
1
1
1
1
1
0
1
0
1
1
0
1
0
1
1
1
1
0
1
1
1
1
1
1
1
1
1
1
0
1 2100362899
1
1
1
1
0
1
1
1
1
1
0
1
1
1
1
1
1
1
1
1
1
1
1
1
1
1
1
0
0
1
0
1
0
1
1
1
1
1
1
1
1
1
1
0
1
0
1
0
1
1
1 1810310167
0
1
1
1
1
1
1
0
1
1
1
1
1
1
0
1
0
1
0
1 313824210
1 1643359900
1
1
1
0
1
1
1
0
1
1
0
1
1
1
1
1
1
1
1
0
1
1
0
1
1 991553621
1
0
0
1
1
0
1
1
1
1
1
1
1
1
1
1
0
0
1
0
1
1
1
0
1
1
0
0
1
1
1
1
1
0
1
1
1
1
1
1
0
0
1
1
0
1
0
0
0
1
1
1
1
1
0
1
1
1
1
1
1
1
0
1
1
1
1
1
1
0
1
1
1
0
1
1 1643359900
1
1
0
1
1
0
1
0
1
1
1
1
1
1
0
1
0
0
1
1
0
1
0
1
1
1
0
1
1
1
1
1
1
1
0
1
1
1
1
1
1
0
0
1
1
1
1
1
1
1
1
1
0
1
1
1
1
1
1
1
0
0
1
1
0
1
1
1
0
1
1
1 990572836
1
0
1
1
1
1
1
1
0
1
1
1
0
1
1
0
1
1
1
1
1
1
1
1
1
1
1
0
1
1
1
1
0
1
1
0
1
1
1
0
0
1
1
1
0
0
1
0
1
1 62517177
1
1
1
1
1
1
0
1
0
1
1
1
1
1
1
1
1
1
1
1
1
1
0
1
1
1
1
1
0
0
0
1
1
1
0
0
0
1
1
1
1
1
1
1
0
1
1 732746942
1
1
1
0
1
1
1
1
1
1
0
1
1
1
1
0
1
0
0
1
1
1
1
0
1
1
1
1
1 370635245
1
1
1
1
0
1
0
1
1
1
1
0
0
1
0
1
1
1
0
1
1
1
0
0
0
0
0
1
1 82537936
1
1 529149754
1
0
1
1
0
0
1
1 82537936
1
1
1
1
1
0
1
0
0
1
0
0
1
1
1
1
0
1
1
1
1
1
1
1
0
0
0
1
1
1 82537936
1
1
1
1
1
1
1
1
1
0
1
1
1
0
1 579319251
1 357078737
1
1
1
0
1
1
1
1
1
1
1
1
1
1 1982832740
0
1
1
1
1
1
1
0
0
1
0
1
1
1
1
1
1
1
1
1
1
0
1
0
1
1
1
1
1
1
1
1
1
1
0
1
1
1
0
1
0
1
1
0
0
0
0
1
1
0
1
0
1
1
0
1
1
1
1
1
1
1
0
1
1
0
1
1
1
1
1
1 126868282
0
1
1
1
0
1
1
0
0
1
1
0
1
1
1
1
1
0
1
1
1
0
1
1
1
1
0
1
1
0
1
1
1
1
1
1
1
1
1
1
1
1
1
1
0
0
1
1
1 1820409925
1
1
1
1
0
1
1
1
1
0
1
1
1
0
1
1
1
1
1
1
1
1
1
1
1
1
1
1
0
0
1
0
1
1
1
1
1
1
1
1
1
1
0
0
1
1
1
1 211015605
1
1
1
1
0
1
1
0
1
1
0
1
1
1
0
0
1
1
1 633673644
1
1
0
1
0
1
0
0
1
1
1
1
1
0
1
1
1
1
0
1
1
1
1
1
1
1 735103850
1
0
1
1
1
1
1
1
1
