1
1
1
1
1
0
1
0
0
1
0
0
1
1
0
1
1
1
0
0
1
1
1
1
0
1
0
1
1
1
1
1
1
0
0
0
1
1
1
0
1
1 916129986
1
1 916129986
1
1
1
1
0
0
0
0
1
1
1
0
1
1
0
1
0
1
1
1
1
1
0
1
1
0
1
0
1
0
1
0
1
1
1
1
1
1
0
1
1
0
0
0
1
1
1
0
0
0
1
0
1
1
1
1
1
1
1
0
1
1
1
1
1
0
1
1
0
1
1
1
0
1
0
0
1
1
1
1
0
1
1
1
0
0
1
0
1
1
1
1
1
1
1
0
1
0
1
1
1
1
1
1
1
1
1
1
1
1
1
0
1
1
1
0
1
1
1
1
1
1
0
1
1
1
0
0
1
0
0
1
0
1
0
0
1
1
0
1
1 1235699817
1
1
0
0
0
0
1
1
0
1
1
1
1
1
0
1
0
1
1
1
1 785303040
1
0
0
1
1
1
1
1 1235699817
1 785303040
1
1
1
1
1
1
0
0
0
1
1
0
1
0
1
1
0
1
1
1
1
1
1
1
0
1
1
0
1
1
0
1
0
1
1
0
1
0
1
1
1
0
1
1
1
1
0
0
1
1
1
1
0
1
1
0
1
1
1
0
1
1
0
1
1
0
1
0
1
1
1
1
1
1
0
1
0
1
1
1
1
1
1
1
1
1
0
1
1
1
1
1 36933029
1
1
0
0
1
1
1
1 515010093
1
1
0
0
0
1
0
0
0
0
0
0
1
1
1
0
1
1
1
1
1 866587787
0
1
1
0
0
1
1
0
1
1
1
0
0
1
0
1
0
1
1
0
1
1
1
1
1 1215081525
1
0
1
0
1
1
0
1
1
0
0
0
0
0
1
1
1
1
0
0
1
1
1
0
1
1
0
1
0
1
1
1
1
0
0
0
1
1
1 868416630
1
1
0
1
1
1
1
0
1
1
1
1
1
0
1
0
1
1
1
0
0
1
1
1
1
1
1
1
0
1 943240820
1
1
1
1
1
0
1
0
1
1
1
1
0
1
1
1
1
1
1
1
0
1
1
0
1
0
1
1
1
1
1 1185849667
0
1 2016495305
1
0
1
1
1
1
0
1
1 1960844683
1
1
1
1
1
1
1
0
1
1
1
0
1
1
0
1 1200787357
1
1 1200787357
1
1
0
1
0
0
1 374686949
1 1650436955
1
1
1
1
1 374686949
1
0
1
1
1
1
1
1
0
1
1
0
1
1 226775655
1
0
0
1
0
1
1
1
1
1
0
1 1721450003
0
1
1 1650436955
1
0
1
1
0
0
1 1960844683
1
0
1
1
1
1
1
1
1
1
0
1
0
0
1
0
1
1
0
0
1
1
1
1
0
1
1
1
1
0
1
0
0
1
1
1
0
1
1
1
1
1
1
1
1
0
0
1
0
1
1
1
0
0
0
0
1
1
0
1
0
0
1
1
1
1 50847259
1
0
1
1
0
0
1
0
1
1
1
1 648250180
1
1
1
1
1
1
0
0
0
0
1 648250180
1
0
1
1
0
0
0
1
1 50847259
0
1
1 253474445
0
0
1
1
0
1
0
1
1
0
1
0
1
0
1
1
1
0
1
1
0
1
1
0
1
1
1
1
1
1
0
1
1
1 648250180
1
1
1
1
0
1
1
0
1
1
1
1
0
1
1
1
1
0
0
0
1
1
1
0
1
1
1
1
1
0
0
1
1
1
1
1
1
1
1
1 50847259
1
1
1
0
0
1
0
1
0
1
0
1
0
1
1
1
1
1
1
0
1
1
1
0
1
1
1
1
1
0
0
1
1
1
1
1
1
0
1
0
1
1
0
1
1
0
1
1
1
1
0
1
1
1
0
1
1
1
1
1
1
0
1
1
1
1
1
0
0
1
0
0
1
0
1
1
1
1
0
1
1
1
1
1
0
1 792706986
0
1
0
1
1
0
1
1
1
1
1
0
1
1
1
0
0
1
1
1 2016700759
0
1
1
1
0
1
1
0
1
0
1
1
1
1
1
1
0
0
1
1
1
1
0
1
1
1
1
0
1
0
1
1
1
1
0
0
1
1
1
1
1
1
1
1
0
1
1
0
0
1
1
1
1
1
1
1
1
1
1
1 1200701657
1
1
0
1
0
1 325703228
0
1 325703228
1
1 737122699
1
1
1
1
1
1
1
0
1
1
1
0
1
1
1
1 833724715
1
1
1
1
1
0
0
1
1
1
0
0
0
1
0
1
1
0
0
1
1
1
0
1
0
1
1
1
1 325703228
1
0
1
1
0
1
1
1
1
1
1
1
1
1
1
1 1388800058
1
0
1 325703228
1
0
1
1
1
0
0
1
1
0
1
1
1
1
1
1
1 102778192
1
1
1
0
1
1
0
0
1
1
1
1
0
1
1
1
1
1
0
1
0
1
0
1
1
1
1
0
1
1
1
1
0
1
1
1
0
1
0
0
1
1
1
0
1
0
1
1
1
1
1
1
1
1
1
0
1
0
1
1
1
0
0
0
1
1 1388800058
1
0
1 1829009788
1
1
1
1
1
1
0
0
1
0
0
1
0
1
1
1
0
1
0
1
1
0
1
0
1
1
1
1
1
0
1
1
1
1
1
1
1
0
0
0
1
1 1829009788
1
0
0
1 1240727273
1
1
1
1
1
1
1
1
1
1 2035365148
1
1
1
0
1
1
0
0
0
1
1
1
0
1
1
1
0
1
0
1 784358837
1
1
1
0
0
1
1
1
1
1
1
1
1
1
1
1
0
1 119386877
1
1
1
1
0
1
1
1
1
1
1
1
1
1
1
0
1 119386877
1
1
0
0
1
1
1
1 1805738097
1
1
1
1
1
1
0
1
1
0
1
0
1
0
1
1
0
0
1
1
1
0
1 337296500
1
1
0
0
0
0
1
1
1
1
1
0
0
1
1
1
1
1
1
0
1
1
0
1
1
1
1
1
1
0
1
1
1
0
1
1
1
1
0
1
1
0
1
0
1
0
1
1
1
1
1 1829009788
1
1
1
1
1
1
0
1
1
1
1
1
0
1
1
1
0
1
1
0
1
1 1240727273
1 1091027992
0
1
1
1
1
1
1
1
1
1
0
1
1
0
1
1
1
1
1
1
1 778959841
1
1
0
1
1
1
1
1
0
1 1513946798
1
0
0
0
1
1
0
0
1
1
1
1
1 778959841
1
1
1 1829009788
1
1
0
0
1
0
1
1
1
1
1
1
1
1
1
1
1
0
1
1 745247495
0
0
1 778959841
1
1
1
1 729797840
0
1
1
1
0
1
1
0
1
1
1
1
1
1 1736434662
0
0
1
1
1
1
1
1
1 1091027992
1
1
1
1
1
0
1
0
1
1
1
0
0
1
1
0
1
1
1
1
1
1
1 2008199187
1
1
1
1
1 74984469
1
0
0
1
0
1
1
1
1
1
1
1
1
0
0
1
1
0
1
0
0
1
1
1
1
1
0
1
1
0
1
0
1
1 1395664345
1
1
1
1
1
1
1
0
1
1
1
1
0
1
1
1
0
1
1
1
1
1
0
1
1
0
1
1
1
1
1
1
1
1
1
1
1
1
1
1
0
0
1
0
1
0
1
1
1
0
1 1376245567
0
1
1
1
0
1
1
1 1696193284
1
1
1
0
0
1
1
0
1
1
0
1
1
1
0
1
1
1 1742544225
0
1
0
0
1
0
1
1
1
0
1 1240732672
1
0
0
1
1
1
0
1
1
1
1
1
1
1
1
0
1
0
1
1
0
0
1
1
1
1
1
0
1
0
1
1
0
1
0
1
0
0
1
1 396755802
1
1
1
1
1
0
1
0
1
0
1
1
1
1
1
1
1
1
1
1
0
1 200129898
1
0
1
0
1
1
1
1
1
1 1530502115
0
1
1
1
1 598016903
0
0
1
1
0
1
1
1 1139027155
1
1
1
1
1
0
1
1
1
1
1
1
1
0
0
0
1
1
1
0
1
1
1
1
0
0
0
1
1
1
1 2051744811
1 2051744811
1
1
1
0
1
1 487822680
0
1
0
0
1
1
1
1
1
0
1
1
1 1792884533
1
1
1
1
1
1
1
1
1
1
1
1
1 1230735719
0
1
0
1
1
1
1
1
0
0
1
1
1
1
1
0
0
1
1
1
1 1139027155
1
1
0
0
0
1
1
1
1
0
0
0
1
0
1
1
1
1
1
1
0
1
1
0
1
1
1
1
0
1
1
1
1
0
0
0
1
1
1
1
1
0
0
1
0
1
1
1
0
1
1
1
1
1
1
1
1
1
1
0
1
0
0
1
1
1
1
1
0
1
1 745247495
0
1
0
1
0
1
1
1
1
0
1
0
1
1
1
1
0
0
1
1
1
1
1
1
1
1
1
1
1
1
1
1
0
1
1
1 1792884533
1
0
1
1
0
1
1
0
1
1
1
1
1
0
0
1
0
1 163589384
1
1
1
1
1
1 784191813
0
0
0
0
0
0
1
1
1
1
1
0
1
0
1
0
0
1
1
1
0
1
1
0
1 149641154
1
1
1
1
1
0
1 59821112
1
1
1
1
0
0
1
0
1
1
1
1
0
1
1
1
1 1760272381
1
1
1
0
0
1
1
0
1
0
1
1
0
1
0
1
1
1
1
1
1
0
0
1
1
0
0
0
1
0
1
0
1
1
1
1
1 903601441
1
1
0
0
0
1
1
1
1
0
1
1
1
1
0
1
1
1
1 1123430379
1
1
1
1
1
1 1513946798
0
1
1
1
1
0
1
1
1 903601441
1
0
0
1
1
1
1
1
1
0
1
0
0
1
0
1
1
1
1
1
1
1
1 1123430379
1
1
0
0
0
1
0
1
0
1
0
1
1
1
1
0
1
0
1
1
0
0
1
1
1
1
1
1
1
1
1
0
1
0
1
0
1
1
1
0
1 1303097701
1 926298021
1
0
0
0
1
1
1
1
0
1
0
